-4.640431078400890363e-02
1.932996665930417635e-01
-7.733154178455023953e-01
9.078797271100423893e-01
3.378173268230061921e-01
4.842522803423846556e-01
-8.043668036436567581e-01
-1.000000000000000000e+00
6.929394474334829024e-01
8.933180595102494514e-01
7.674508035495850589e-01
-7.783360921337079130e-01
-4.070489490133041288e-01
8.428092604640364804e-01
-2.962196012915644383e-01
8.184674850898654430e-01
-4.176258781477716342e-01
-9.688944697939473327e-01
-7.314413904450427495e-01
6.369822348831049030e-01
-4.073100367891240858e-01
8.457378295677435709e-01
-3.000686514778096448e-01
-6.979205547476057259e-01
4.495004525896646730e-02
-6.218398420849468033e-01
-7.355264798184210639e-02
-7.705050920958811389e-01
-3.803244334555510586e-01
7.506824335186826902e-01
5.806461906460068656e-01
-5.116152726524009209e-01
3.262958445778615935e-01
7.130387497456487367e-01
6.301119219007090821e-01
2.637469314523001596e-01
-9.296689483917371932e-01
5.351335270604711258e-01
6.358536488185927427e-01
-4.774729908084504593e-01
-1.803948311572291519e-01
5.292546176616983594e-02
9.540911817250788962e-01
3.694472943027630740e-01
4.946226963387151399e-01
5.555484650473462294e-01
-4.484525752057805792e-01
6.040889970685837662e-01
-8.126801787187345472e-01
-5.822169092521880529e-01
1.555421724631095848e-01
-8.903616818124423515e-01
1.047375156140224473e-01
-5.075489757317219741e-01
-1.000000000000000000e+00
5.196342910318665353e-01
-2.161452537316297939e-01
3.716831355084576627e-01
3.254658952201781030e-01
-6.685371228384235920e-01
-5.548894209241932440e-01
1.899486475139933184e-01
3.850058476264205387e-01
4.858394822502838939e-01
9.895381090720646311e-01
-8.153845464216703809e-02
-2.781925357222957973e-01
7.640998928801481238e-01
4.988582220339400353e-01
-6.580028499718400259e-02
6.641102718627653334e-02
7.929844814968121103e-01
3.352588551880241186e-01
-9.608849888526470595e-01
4.757685193244082789e-01
-4.111590194443335289e-01
8.594165518791850866e-01
8.351185698359388232e-02
1.191942142970155577e-01
-8.107177697064701372e-01
7.061842944810740041e-01
-7.040861631250751040e-01
-1.000000000000000000e+00
4.518526140750877551e-01
-8.991993416045324095e-01
-2.314046432532380071e-01
-4.873828267249947777e-01
6.556792898883039289e-01
-8.105103777445334112e-02
6.807672971899669800e-01
-9.125450875655880534e-01
8.169785451169391255e-01
2.276065212313455044e-01
-8.657047186731503530e-01
-1.592525950915598953e-01
-2.993149273082962858e-01
5.980555997091251408e-01
-4.943701180658304772e-01
2.336283518849078811e-01
1.129570276331953171e-01
-3.878960584021236974e-02
3.718483691417054926e-01
2.618611978204057888e-01
-9.263985302593755744e-01
8.551725410777264447e-01
-1.003933539978139333e-01
8.994477185749112369e-01
8.962357327545943386e-01
1.707598099082044685e-01
-4.335944414915305356e-01
5.787669014627416786e-01
-5.019672041587747158e-01
3.166908174071587645e-01
3.381333026393718022e-02
-9.021710230299642141e-01
4.783067772972755816e-02
-2.076613880758132469e-01
-6.419813263379063883e-01
-7.831766987342511088e-01
2.049799290395941109e-01
-5.050486896777627299e-01
-4.784632246020418256e-01
2.774782630904137348e-01
-1.193489995850633700e-01
3.346582313780440132e-01
4.346028668427284747e-01
6.653657300023314569e-01
4.786239583268050435e-01
-9.438734431210725750e-01
7.115106596334178635e-01
-7.719961211293920877e-01
-1.170976640749502029e-01
3.510227881439355047e-01
-5.770436116041530727e-01
-4.974361626771493516e-01
6.280419656826252695e-01
-7.633532491141702403e-01
-3.292491910086207674e-01
-7.499413599981104017e-01
6.338261859825859990e-01
8.463362220203070052e-01
5.199908276447885447e-01
-3.163719635995498880e-02
7.912444112492791337e-01
2.639732571907268954e-01
-3.958068347707620616e-01
7.076088014779825519e-01
4.880388430204615213e-01
2.146966265721536871e-01
2.768463186931455558e-02
-5.630979808379010798e-01
1.367129513160029730e-01
6.241872765507843618e-02
-7.922812917766659524e-01
-9.333868855063265357e-01
3.739945943076770640e-01
9.020615617980727308e-01
-6.317868641185994116e-01
7.928598201239632770e-01
2.994286288074079483e-01
-1.328782038645854868e-01
-4.048809231792796504e-01
-5.200881370458373398e-01
4.899922834082821033e-01
9.226042564545766655e-01
-4.687802824273490931e-01
7.836036735793424635e-01
5.492685285293219533e-01
8.120317067163197455e-01
-5.856644476293220158e-01
9.982598573428329569e-01
-1.519275349717494512e-02
6.612572533056493285e-01
-6.682230936706182733e-01
3.142173405921916962e-01
-7.099878490244962981e-01
1.121760222861910294e-01
4.515306420644221719e-01
-1.102228080196080567e-01
2.617676318516067302e-01
6.103122961577805983e-02
4.692811259605587093e-01
-1.000000000000000000e+00
7.157699674948854174e-01
6.012896143610430011e-01
5.967621948929586334e-02
-2.660487334658374892e-02
8.329953342910270675e-02
-2.969213972955649372e-01
9.981139858886971250e-02
4.021529877812869413e-01
2.261624220291288956e-02
4.383056368070857856e-01
-6.084205059133178661e-01
-2.172450966578320652e-01
-1.000000000000000000e+00
4.615667868333736545e-02
1.484016910380011045e-01
1.000000000000000000e+00
-8.378675583123917914e-01
-4.422349529221090703e-01
-6.846628665339997699e-01
8.466093026919747633e-01
-6.763620564785581823e-01
6.172064784584371244e-01
8.089967580117316537e-01
-5.379863268233263662e-01
5.292232221670232217e-01
-9.043524983256995275e-02
-3.978021538223322495e-02
-9.819481765349293845e-01
1.137402298147953406e-01
4.210565151623874569e-01
-7.190097295940525157e-01
-3.158588416370412544e-01
-3.996538884005887415e-01
-1.342640805854150229e-02
1.530828408852577260e-01
2.260780640688345167e-01
1.970893808737028685e-01
-9.439686287012734045e-01
7.499196681071057524e-02
2.805152698349439033e-01
-2.029268042919622483e-01
-3.288117528801033362e-01
-5.475585179742805675e-01
2.377206747661627095e-01
5.760222514942741068e-01
5.890300431449064789e-01
7.617110420651143077e-01
-8.404172278705740462e-01
4.914843046722986442e-01
6.819364871779934889e-01
3.845365354050227502e-01
-7.302800952743658813e-01
3.324135717281411634e-02
-2.319760775472291536e-01
-1.343699802756855299e-01
8.184181282134095348e-01
-6.504985304288485315e-01
-9.969403548716712082e-01
-2.609223979789025427e-01
-5.290946329653692937e-01
7.396981063114953514e-01
-3.177593238861444735e-01
-3.098779867830183110e-01
-6.915988256023225533e-02
6.294250485888762403e-02
2.059106579344893995e-01
8.491119412463445926e-01
4.957935617585843002e-02
-1.815274377296610120e-01
-8.729228706055998099e-01
8.942915952523747825e-01
5.116236589671130375e-01
-1.775626348953636691e-01
-9.435671306449597839e-01
4.873544265414422871e-02
-4.283900122967322366e-01
-5.711351769184250804e-01
6.438020433902796880e-02
4.452509678969963636e-01
-1.977484126505553996e-01
8.987321694166455766e-01
-1.353513299563283423e-01
