5.341424353645433110e-01
1.000000000000000000e+00
-3.195434858530951661e-01
-3.189734729659025603e-01
-3.242463606530088249e-01
6.184458366413646546e-01
2.705403678601029371e-01
-6.687641030847462087e-01
6.749397938672273556e-01
-7.813453488964557103e-02
-7.526930667726557111e-02
-5.025362175503578221e-01
-9.773674503504561351e-01
7.367801336519814726e-01
4.367806670386291668e-01
-3.248276540004340629e-01
-9.798812268815828563e-01
-3.384130994138267456e-01
1.388683412694248220e-01
6.555046831591780920e-01
8.751966424468886618e-01
-4.106610795703465738e-02
-5.200060428422865755e-01
-7.996617103606388222e-01
6.108883564531153443e-01
3.375359614380216700e-01
5.280057806517080010e-01
-1.595385515173500524e-01
-5.981321534304969711e-01
-3.199921691810656554e-01
3.605679469640460377e-01
7.612125248819449075e-01
2.931975485492924749e-01
5.949551133148052173e-01
-7.818959008119293758e-03
8.966788088082290331e-01
-5.098640592518993708e-01
-2.528664890374326402e-01
-7.571882189236077698e-01
-4.337325579380055252e-01
-1.961802532289378398e-01
-7.072514744001685560e-01
3.576933584711632363e-01
-7.218818810013142295e-01
-4.518025974381177368e-01
-1.000000000000000000e+00
-1.434409364445927149e-01
2.259554402193044709e-01
7.724546952631271557e-01
-6.631179381204355128e-01
5.479560704387996806e-01
4.222310744295501572e-01
-4.161908488681094753e-01
2.696469832080876650e-01
3.465014125709100501e-01
-7.978517104415976391e-01
-3.552540016483943797e-01
7.669832461560352477e-02
2.376667034455713368e-01
8.560352664443123816e-01
6.888321973076231286e-01
9.899037514908427537e-01
9.149391527347250364e-01
8.051234966688084471e-01
-1.768087128954426157e-01
-6.858261327518591632e-02
-5.978512142675670438e-01
7.610602650518611956e-01
-7.561749718186823177e-01
1.287581127816734838e-01
9.834112422706099699e-02
3.936855778470209621e-01
5.664909737977924520e-01
-8.957711486219043229e-01
2.484329961152671462e-01
3.040702413474425936e-01
2.053940574822616938e-01
-5.463954430163956433e-01
-2.652382371939888683e-01
-5.313367844569594212e-01
6.953423891839225490e-01
1.742552359065113465e-01
-7.376316449932128760e-01
1.962342274919578189e-01
-8.047804860328196253e-04
-3.605085389741637947e-01
-9.102480332647057137e-01
1.917871215855714018e-02
7.885380958577675736e-01
1.973470573106532178e-01
7.877745486269601694e-01
-2.011083574689998821e-01
4.551808768320935727e-01
5.886811283216107915e-01
1.810731122870783971e-01
9.068849286282175404e-02
7.867641517919690131e-01
2.210866494441730279e-01
-3.967017560215022054e-01
-3.633761643021685694e-01
-9.506554556085344831e-02
3.385505725369357677e-01
3.754361641312597975e-01
-6.747735311133460367e-01
-7.346952562330979486e-01
-6.793281295568759370e-01
3.940023320898711767e-01
8.536800540194949827e-01
5.669387268351672171e-01
-7.092737949621480409e-01
-7.546245693462212412e-01
8.325894386924561630e-01
8.930597012522329958e-01
-4.043394562943342652e-01
-7.145908153862615686e-01
6.627177691811061977e-02
-2.397939134207488776e-01
-1.132032710299063494e-02
-4.840421816621154338e-01
-1.269441657138721813e-01
-2.327388033247959620e-02
2.741497505611024121e-01
4.106398013304340400e-01
9.637218982331396955e-01
-2.275669588596493098e-01
9.183457768990129777e-01
-2.187205009373930087e-01
4.131828082220594944e-01
-6.397986021775851073e-01
4.205907864838713262e-01
2.675217243680906853e-01
-1.527061392127239958e-01
1.000000000000000000e+00
-4.257450582621939428e-01
-8.810736342322841308e-01
-5.209218540187650071e-01
-6.743586301090298551e-01
-7.954412886448261055e-01
-4.983743118397798155e-01
-2.249618799697570282e-01
9.336306696026843710e-01
-2.680020425055331529e-02
3.057351797115759884e-01
-6.050595896759700665e-01
-6.912275764640398723e-01
-6.367550749970817270e-01
-5.556849722008070369e-01
-9.325545321099775187e-01
9.781842538311205093e-01
7.655134012630911977e-01
6.538132876485364120e-01
3.813183758763978304e-01
-8.196387589686993103e-01
-4.063392936297752223e-01
3.490073613388493534e-01
2.825695663737456398e-01
-6.047207248506324406e-01
-1.000000000000000000e+00
1.000000000000000000e+00
4.410750793315690310e-01
-5.239064924074166019e-01
4.823499837198120810e-01
-5.006959394714540768e-01
-2.770570931782935231e-01
-8.737422794046283414e-01
-7.741689850183044452e-01
9.136139097800635156e-01
7.696128142403705352e-01
-9.739762346976839069e-01
7.973854372560633674e-01
-1.977682795397556759e-01
4.375580973536131735e-01
-6.372030061486201324e-01
4.667888804132087066e-01
-8.205291794327964627e-01
-1.572203235135277433e-01
6.983046220765435352e-01
-3.062815299217945542e-02
-7.944841378390364861e-01
-1.000000000000000000e+00
7.512984385231610274e-01
2.346473119916938493e-02
-3.906655888312536296e-01
-9.270001232621242204e-01
-3.199505999610978146e-01
7.484776299712300185e-01
1.578387914712854612e-01
-1.038239644293528080e-01
-9.973876036110445042e-01
-5.592716686551379990e-01
6.701722036565069818e-01
-8.179288004825608915e-01
6.190289868950047403e-01
8.337410004125201946e-01
-8.637603654584028456e-01
8.695689673247247731e-01
-7.085569164729272895e-01
-5.854156009230964131e-01
-8.025226828297422621e-01
2.212554807118900790e-02
-1.167385066896719364e-01
7.116650101358414915e-01
4.248409014514576976e-01
6.866510527795469665e-01
4.755626909460811125e-01
4.505153772434591364e-01
6.070799588010735715e-01
5.741984189875639633e-01
-4.441908548009638746e-01
-5.132682810719892963e-01
5.434928094713447067e-01
2.447297173921051117e-01
2.013119803163972432e-01
1.134425684687354052e-01
6.616016545489132872e-01
-7.761412819014547049e-01
-7.658595091190603110e-01
3.771769155629409176e-02
6.823244094085577638e-01
-7.564929217510708570e-01
-4.254094027417508750e-01
2.588406965507034085e-01
8.570055761214569190e-02
-6.060426789154771399e-01
9.096151174688025254e-01
3.079238657286955672e-01
-5.256857390985701928e-01
1.116331069789105734e-01
9.707373794359066554e-01
6.312370277377670202e-01
6.553093307580032389e-01
-7.074006509364889894e-02
1.144186645478106612e-01
-7.141221642166180050e-01
6.039978457259044253e-01
-4.206486855988532114e-01
2.811632914415422846e-01
8.581051914461461649e-01
4.844094978658286532e-03
-3.115765725445516221e-01
-2.824300572628771211e-01
2.559408634541659455e-01
3.495374345691142082e-02
2.653646885062164729e-01
-7.655215760909354072e-01
-7.208756422722660817e-01
1.315052257255140411e-01
-8.094793000088903456e-01
4.540023433267262321e-01
4.771040404144308300e-01
-2.357428742522535980e-01
3.078514767136375507e-01
6.203068699974070288e-01
-6.757331178699313989e-01
-4.288805426384988961e-01
8.580642681486976286e-01
4.819934423219855990e-01
1.219183313418969183e-01
7.665108092411954122e-01
-8.201563060854060172e-01
4.964964354965743787e-02
8.734667008750498507e-01
1.202809087079193678e-01
6.115669171710373941e-01
-6.592183279318531985e-01
