6.842809508044138400e-02
-9.966714797285584904e-02
-8.344309014936599489e-01
-4.464623422926404239e-01
6.484384832998209280e-02
-2.154992768768955180e-01
-3.203946302109655919e-01
-5.297562616260520496e-01
1.117832194380657951e-01
1.417427971287840982e-01
3.977033849340594340e-01
9.589328192987411903e-01
-3.473673233720060705e-03
3.401055596191398384e-02
6.863744871482256871e-01
-7.077072500035775926e-01
8.660899948880115273e-01
-4.570749660206460119e-01
-6.773254025316284288e-01
-1.000000000000000000e+00
-1.000000000000000000e+00
-7.245998793161371188e-01
4.573488810253983905e-01
-1.000000000000000000e+00
-5.786724429467059450e-01
1.714621162377180930e-01
3.924290445151550344e-01
1.652322804608630236e-02
-9.812973689926107745e-01
-5.578155759986163087e-01
-1.935486478192515458e-01
3.343439133642774341e-01
5.141644742284855463e-01
1.000000000000000000e+00
5.497869150664280724e-01
-1.736501029793200979e-01
-1.226682093885560071e-01
1.384244624601030371e-01
-5.512804247329997631e-01
1.922461434659757107e-01
1.000000000000000000e+00
-6.239777961870448530e-01
2.706329464736387247e-01
-1.685767024291781324e-01
-4.845480060523066901e-01
9.359255861896302875e-01
5.501018088339041379e-01
9.840687203511468972e-01
-8.191575798067936010e-01
5.042654018001427874e-01
5.253535993708610130e-01
-1.237581237027943759e-01
1.000000000000000000e+00
6.110132619276945620e-01
-7.717148403009813640e-01
6.907807014806591761e-01
-6.065802927419917667e-01
3.169070979719820769e-02
-3.350770894805314704e-02
7.854821733542162177e-01
-7.961433750725483982e-01
-8.095324786019667540e-01
-7.866967069327103212e-01
-7.727258582929432684e-01
-8.619290744274029636e-01
-6.235308395604975962e-01
5.569767841957082855e-01
2.808736360279597832e-01
-8.610620210484334347e-01
8.031964866778255052e-01
3.647521338029310334e-01
-3.574653067801382700e-01
-1.147153186043934348e-01
7.233930474303761349e-01
2.458277305028319648e-01
5.847916007732062438e-01
-1.526454750376531055e-01
-7.468863772818821190e-01
-3.763442582604016873e-01
-5.294187232977839996e-02
-6.488125255471379749e-01
-5.144998621864651511e-01
-7.204332717951388299e-01
-2.573078975934603996e-01
3.844802538635444522e-01
1.825949873153212555e-02
3.325926163731070528e-01
2.836886754443450620e-01
1.000000000000000000e+00
-4.149063528703917925e-01
8.162912386699482381e-01
-4.992582399055403020e-01
-2.221651480739454121e-01
1.106755092126453233e-01
-3.481656821009714853e-01
-1.427535728607426946e-01
6.825991627802699968e-01
2.865003637779683920e-01
4.472639161383807904e-01
7.259504367216866871e-01
-1.000000000000000000e+00
2.564235775253644878e-01
1.299481937736719495e-01
5.627042804039449342e-01
7.492973892567591498e-01
8.400183134158796250e-01
8.943864846110558542e-01
-5.915369893064581497e-01
5.505269214620354123e-01
-4.404000069690978125e-01
-4.150652581694319054e-01
2.345820488216070754e-01
3.437628285983784782e-01
-8.150617781344515755e-01
7.748247146888850856e-02
-1.269895470150487204e-01
1.626973055941347279e-01
7.132247515112219993e-01
-9.747974353532714575e-01
3.966065405269966759e-01
3.380561355479744234e-01
4.606885766660664960e-01
1.865049221588115924e-01
3.113186251895813106e-01
-9.203165812535256673e-01
-7.390563438573273525e-02
4.886026906698801575e-01
2.883723925126834842e-01
1.163745380832369170e-01
3.876674259868361783e-01
-1.246859143474745302e-01
-4.024267893453213341e-01
6.411791255563709102e-01
-5.276241161519400480e-01
-7.603670899332050093e-01
4.397659896589797834e-01
-9.764507642942743537e-01
-8.479466473385437464e-01
-8.403180662719200722e-01
2.796635761622407457e-01
1.442289122218196051e-01
-8.157346887655753109e-01
-6.787449254905318918e-01
-1.600217377105978694e-02
-3.696893354963199374e-01
9.522645059140545376e-01
7.624969679578615933e-01
9.397250734816641193e-01
2.333183081227674371e-01
-2.886209014887327617e-01
-9.683662131094428194e-01
5.104226395135338379e-01
7.363959188630196939e-01
-6.803087847912937108e-03
1.678170434785433984e-01
3.878286035176030655e-01
-7.416084775260644024e-01
-6.038096634102960159e-02
5.621160707443447757e-01
-4.961233269775752186e-01
-2.873692966860456610e-01
4.711183181298418676e-02
4.594374358678007808e-01
2.498998628930451937e-01
-5.497209862375619371e-01
-6.787439989893652437e-02
-1.617875129349713170e-01
-6.372679448467978292e-01
1.729272321812446722e-01
-8.438485044937736879e-01
4.751626184112971440e-01
-1.303411046938474094e-01
-2.946163126529968146e-01
6.560673721689919136e-01
5.421197298980356960e-01
1.308393604826315615e-01
9.581974161779035493e-01
-1.096140384534931289e-01
-7.472363585739039138e-02
-1.590081182914240554e-01
7.946965763279881800e-01
1.532952515595697451e-01
-2.361383378332126970e-01
8.394183200002752754e-01
3.791990830182495054e-01
7.073765911438545384e-01
6.072406968302038743e-01
-3.685437247291755147e-01
5.323095394029980776e-01
5.262540136050312956e-02
-9.971013434936858433e-01
-5.459243925717045115e-02
-2.659772761081825032e-01
9.567265306308218031e-01
8.318782852145877316e-01
8.590943768820774595e-02
3.188681265019244204e-01
-3.965114010714725357e-01
8.811781489675103440e-01
-6.712429787656671865e-01
-9.774711687886417089e-01
-8.103484459467296119e-01
-1.377008946529708622e-01
-4.302106576950592842e-01
-6.095708699951897236e-01
3.790487221286664710e-01
-4.646791149241983887e-01
7.127945896077025889e-01
-5.330449330527399221e-01
-4.285496226098283734e-01
-9.843605862902735648e-01
-9.249944882062594020e-01
3.067843955440595627e-01
-3.638408364832105280e-01
5.177424986561187659e-01
8.600973565283217548e-01
-8.351462053794124207e-01
9.097195985362829251e-01
5.873049167479075239e-01
-6.107002279242041975e-01
-4.608303229203949969e-01
-1.659342691849610696e-01
-2.167374343599779429e-01
-3.433067883254619090e-01
6.946588184163791091e-01
-1.492355869743812735e-01
1.633182502883969989e-01
2.692722509614347004e-01
3.877397098932555686e-01
-4.498832023240798006e-01
-7.971460377229641070e-01
-7.570276933876777248e-01
-9.914486996098508254e-01
4.186605783583630669e-01
4.819067098838701879e-01
9.005173776541072206e-01
-1.662065595253013617e-02
6.088393159399888566e-01
6.032862085328640767e-01
7.749862892850367668e-01
-1.000000000000000000e+00
8.628978485107204888e-01
7.242243407673184530e-01
9.543732650979550591e-01
6.612340063855096650e-01
-5.520084576482546801e-01
9.807168380428166188e-01
-3.059499938120571194e-01
3.211288799562792562e-01
-8.760866669896161252e-01
-4.968845255079534784e-01
-4.416939413205839271e-02
6.740989446001897090e-01
5.060715623938762953e-01
-6.792972802831063195e-01
1.056878583921565112e-01
1.272072447726271260e-01
3.947855386793457794e-02
-8.185022830858645904e-01
4.712811273426878445e-01
-8.597856728581024788e-01
-6.007253868540889385e-01
-8.730355281868703576e-01
-1.631241955442094549e-01
-2.886231652100276213e-01
