-4.807810668833847889e-01
9.583374556681382161e-01
5.506295661658882068e-01
6.538498423885084065e-01
-2.501961316189461604e-01
8.307137131809818609e-01
1.826330287607874914e-01
-1.979911422262170262e-01
6.371076492415069792e-01
5.215539374108743020e-01
6.145370451056312300e-01
8.263561209467159552e-01
-1.251602353249968158e-01
8.094660322735451885e-01
-3.307799632343251806e-01
-2.093729460100781509e-02
1.000000000000000000e+00
-3.059443671327109482e-01
1.084232586965562378e-01
6.609581914573948724e-01
-1.291794419025073526e-01
1.549903107470237268e-02
4.282572296874502249e-01
1.000000000000000000e+00
-1.000000000000000000e+00
-8.514763485352897510e-01
5.776734529358474868e-01
4.825905788834248811e-01
3.090778288022488218e-01
-4.764633738846486555e-01
6.804792830799601955e-01
7.536378098079198340e-01
-6.003728684597726684e-01
-7.683398690750665727e-01
5.564378395767818897e-02
1.597793829560911760e-02
-7.220894904777639400e-01
6.545873387740652749e-01
8.494847510436466242e-01
-7.561396147329351169e-01
4.913121828009309744e-01
-7.440668561972381134e-01
-7.262872627622340982e-01
-4.779729089578603207e-01
5.353814291254422875e-01
-6.927862683441794456e-01
5.598773927726270472e-01
7.132499124471985974e-01
-9.518004348755716437e-01
-7.777160631925583711e-01
-3.587872229308151084e-01
-6.169979463437785805e-01
1.519485147100216142e-02
5.454888024109421085e-01
6.757887221924886723e-02
-6.132240107971433929e-01
2.658870248680025861e-01
-7.775359465904652101e-01
-1.941905178191030978e-01
-4.731817838130936704e-01
9.552508611883216982e-01
-1.067999989433594116e-01
4.682299513159425275e-01
-1.578898073300531030e-02
5.774754413484517457e-01
-6.554983585393478474e-02
-6.897663657646768698e-01
-3.633904442011922087e-01
6.788322100447302665e-02
8.910654773111085225e-01
5.379493825492047687e-01
9.750427244198967003e-01
6.308641977821206615e-01
8.732408506557098882e-01
-1.048040209823893065e-01
-4.901087939073886512e-01
-5.267163356864348334e-01
-7.209127592577697641e-01
1.697452319866621373e-03
-8.234683126468509418e-01
-1.000000000000000000e+00
8.363166054256611082e-01
-8.006337756348403945e-01
-3.518842170005002656e-01
-6.711708696221680981e-01
7.875635597414889499e-01
-1.672719173930000969e-01
-2.161390535775850608e-02
-8.674776389768337204e-01
9.908116245207485573e-01
-6.998774650399451902e-01
-2.994603924174459308e-01
-9.709560318367107534e-01
-5.030896223001883882e-01
3.950648689398851277e-01
-1.000000000000000000e+00
6.804672070605698453e-01
3.081620627067548912e-01
-9.209821529653509087e-01
-7.900857153154196011e-01
5.865520999439851613e-01
-3.755161175547924168e-01
1.246978900952804559e-01
-2.543833304873389101e-01
-6.504305101659857424e-01
3.060531564392061088e-01
-3.341064804609823746e-02
-5.157626036623095267e-01
-7.629007802647750358e-01
-1.934652006200905938e-01
9.385558027887385135e-01
-7.353520156523576379e-01
1.080837827050862704e-01
-4.388908923890552094e-01
5.659813668837788692e-01
1.780950898243023883e-01
-2.616937859648145737e-01
-5.378067994264308371e-01
-1.275597708849265932e-01
-2.558777636301248215e-01
-8.371409041732335021e-01
6.992770755221628942e-01
-6.026286089141018598e-01
-1.000000000000000000e+00
-6.348704766558931345e-01
9.341259512856574521e-01
3.862276272290048329e-01
3.139320970549983603e-01
2.360450558843659730e-01
3.843620632829568284e-02
-3.258010456613448236e-01
-2.784545140725852019e-01
7.366110280469018168e-01
-9.998676985621262059e-01
7.172704229368603857e-01
5.528117988365843782e-01
1.310412671395560502e-01
2.903618314292648606e-01
-7.756192602006504178e-01
7.730116704154882390e-01
-2.852413123259341932e-01
3.223595471142775004e-01
-3.302711519102429633e-02
4.650956120988783415e-01
5.576038398699574572e-02
-5.911186226770205332e-01
-5.799215831924139364e-01
4.704237514576080637e-01
-4.447088785723851689e-01
-2.439330714346417406e-02
9.223059977627838801e-01
-9.653613980162829566e-01
-9.642931948494274375e-01
-2.098401866338516775e-01
8.031695910305546304e-01
-2.409408255407748667e-01
5.299164642832095984e-01
-2.392709461675415761e-01
-1.000000000000000000e+00
-5.817135776611800368e-01
4.827650546199181991e-01
-6.550043754643319893e-02
-7.400001403265489275e-01
-4.051357723891060303e-01
-3.845641848475173652e-01
9.185363040056598871e-01
-1.000000000000000000e+00
-6.875341820147977678e-01
-1.985732180865561747e-01
-7.227836051712116516e-01
-7.137815661413729473e-02
4.990291195073772723e-01
5.594732881871269381e-01
6.219579620802404007e-02
6.776606322519358461e-01
-8.124770105541651022e-01
9.563722602846557175e-01
-1.228311712816320123e-01
-2.460803567498798805e-01
3.888391574330523626e-01
7.889405340573061309e-01
8.395654609839043880e-01
4.287771675932731674e-01
-4.512016950056624287e-01
7.444230319067021151e-01
-3.806139560799924881e-01
-4.546339404496617109e-01
-7.163584749663476359e-01
-7.431033205042451018e-01
-9.644839006777207180e-01
-6.704229504731393785e-01
4.795153111033270688e-01
7.978359340594872728e-01
-3.086758291205681792e-01
2.170149638811574855e-01
2.477273128772417843e-01
1.000000000000000000e+00
6.377723545986575537e-01
-6.927437430182320499e-01
1.000000000000000000e+00
-8.519319674207971316e-01
3.675028191731455895e-01
-7.029426059720701447e-01
-9.214017401964892384e-01
8.037183247943481268e-01
-3.198854213742833852e-01
-6.719055758081486918e-01
9.462751122041731522e-01
5.798575092133743114e-01
7.370734669696178409e-01
-9.376651419071823090e-01
-5.823546391621655660e-01
1.199199713146834878e-01
2.715762365732278250e-01
-1.574048023173550415e-01
-2.422086399622571107e-01
3.781906690904812129e-01
-4.505144999557063046e-01
5.580712351325503029e-01
-3.894707243454354484e-01
-8.203698947185114609e-02
4.153838860843461767e-01
6.484140543739012053e-01
1.338755300602495202e-01
5.772991908799094407e-01
1.047941010411866380e-01
6.849975122798837024e-01
8.488086756947957334e-02
-9.829533707532172038e-01
4.321310575400652554e-02
7.839586686841896190e-01
-5.906313116468446811e-01
4.891946232075675693e-01
6.078923657698512839e-01
9.023875332331826593e-01
-3.488950578339897746e-01
-2.176991261251626231e-01
5.482818416684650531e-01
4.463551615651744631e-01
3.781271942312870449e-01
-8.165242024617948291e-02
-6.708852434675643961e-01
-7.692621331182698530e-01
1.384156539061614788e-01
-1.000000000000000000e+00
-3.563189739922236199e-01
6.302324793822000615e-01
6.040644810836581086e-02
2.923532530903306670e-01
-3.716165881556999784e-01
5.828251768228687180e-01
-8.381351363220983508e-01
4.707345994927562560e-01
9.059391648114553663e-02
5.496422053024313525e-01
5.862451911438736341e-01
-4.758725633637850977e-02
-5.447281845674496470e-01
7.015569500657434787e-01
-8.030073886150750351e-01
5.145986003261540098e-01
3.556832340734107922e-01
1.338874802455368163e-01
-6.490724583088890443e-01
-7.725712195129769144e-01
