-1.826626230489214742e-01
1.611312632663871591e-01
1.000000000000000000e+00
8.049221966321623567e-01
3.576485819594980575e-01
-9.169269536538222631e-01
-5.672647508360324498e-01
1.000000000000000000e+00
-3.342901756550296088e-01
-1.356417791659458305e-01
6.330983753691252769e-01
-7.752587396072149195e-01
-3.673660952199346297e-01
9.356333782342067806e-01
-9.548233420080720624e-01
9.093342884577578777e-01
6.931876189634647023e-01
-3.308131685548970080e-01
6.328990771544780181e-01
-8.871336691408231445e-01
-4.165826588691153298e-01
2.428676421248575357e-01
-8.383339675955341352e-01
2.784960542103736003e-01
6.049116233822617872e-01
3.866035586185355699e-01
7.522140955693698006e-01
8.066251142538559682e-01
1.000000000000000000e+00
-5.089250115658607854e-01
5.199105020717210285e-02
-5.649880670814469430e-03
6.394479985248318066e-01
6.711698993476424846e-01
2.611605433011324751e-01
4.937231662192445580e-02
6.486418568118612615e-01
-2.135267935369754844e-01
7.583614988494181697e-01
5.709238677174700155e-02
-9.667470108689553421e-02
6.589783820545774828e-01
-2.831261478516707841e-01
1.734493650229367856e-01
-4.212029536269294994e-01
-3.736988190529210163e-01
2.676883234151302693e-01
8.834109586722257434e-01
-2.129412354412386077e-01
8.460274444631956658e-01
-3.949908251666395254e-01
-1.027583394177317422e-01
9.253291450968099685e-01
6.302081052237151759e-02
-9.065615958064213720e-01
3.552075221188352727e-01
8.629516922095793463e-01
9.427787523641560918e-01
-3.784560664746546843e-01
6.558306402867780660e-01
-9.212042504909980778e-01
-1.710271243554176840e-02
5.883048487957533990e-01
1.000000000000000000e+00
9.540183569076653436e-01
4.061130782105972226e-01
4.305809470337654821e-01
-1.072392342263432108e-01
-7.894303748539410748e-01
3.522023122281125462e-01
9.908480941256120333e-02
-9.059441885609448297e-01
9.091481396420590944e-01
6.943331845089383281e-01
7.071921148913529187e-01
7.638421577580902788e-01
7.114190696280547899e-01
9.817228669219267845e-01
5.367851034248743297e-02
-4.969098123271922796e-01
-8.615146895538515759e-01
8.652932091470132425e-01
5.864735238222048563e-01
6.375238062677609507e-01
1.304553445380441101e-01
-3.554254832896152072e-01
9.129643285523560969e-01
8.007677543386645391e-01
8.516149968494420852e-01
-7.391620243019209058e-01
-2.819620398579351095e-01
6.355521822401315468e-01
-8.359319643042756320e-01
-7.566370948023345422e-01
-4.008467576030405599e-01
5.863091291393951465e-01
-8.905429462973499799e-01
3.687739352599757603e-01
-8.341721678721392141e-01
-3.213041682827523782e-01
-3.323476233184537998e-01
-4.840734568893431677e-01
-4.588666925156750787e-01
5.888931213266350717e-01
3.302921438904392049e-01
4.088265846175909157e-02
-1.000000000000000000e+00
-6.115176394177165298e-01
1.348242437182049502e-01
4.694537065962733902e-01
-1.679703561206011553e-01
8.587612829877036003e-01
1.460155460745117539e-01
-8.592081176258157260e-01
-3.171684484594888831e-01
2.340673090305455672e-01
2.161042919744831647e-01
-2.654923800842437509e-02
7.967698407103424030e-02
6.621920644855471272e-01
-2.550405210126105437e-01
3.380239128296873563e-01
5.488813623874608943e-02
-6.132856822331946844e-01
6.941681404344107742e-01
-9.563426673998322025e-01
-8.322253225577832536e-01
2.452976725482245712e-01
-5.770905853809444874e-01
3.586690278673065335e-01
-7.885195140255867041e-02
6.017302580705733428e-01
8.130792151197592244e-01
8.059741543574066025e-01
-2.011177736176683606e-01
-9.947428156954913891e-01
-2.837529597507055801e-01
8.815407888541879622e-01
9.166055283585078373e-01
4.257698977059474199e-01
9.842368897253266358e-01
-4.075856958555293397e-02
-4.143655472939394846e-01
6.075556609215142512e-01
-9.730924709765780001e-02
-7.807027346556618674e-01
8.227455560970607928e-01
-9.073328713294373515e-03
4.848117889490055066e-01
5.393095050658955891e-01
-9.533130912418937841e-01
-6.376113155839976399e-01
9.183604562174539909e-01
6.886220820985784474e-01
-4.328714177248270678e-01
-8.957911275752077351e-01
7.404392072799527158e-01
-3.883173623600426061e-01
3.391291173326689279e-01
4.663140388122836155e-01
2.655961109508698792e-01
-2.703786253343837820e-01
-1.515991108295516310e-01
3.764807366994521454e-02
5.871785523128520978e-01
1.848159751687745433e-01
6.388163194995519767e-01
5.173666386172738330e-01
-1.237264578929478109e-01
-3.234393061969591532e-01
9.640430283680120338e-01
-2.386585457163942769e-01
-4.036267202930102771e-01
-1.222353749367290215e-01
7.902673411868815778e-01
9.576827322339916959e-01
6.857065180902766066e-01
6.766973105160546398e-01
6.268582705210511419e-01
2.766709799146463977e-01
1.391460632477283799e-01
6.086484749978043896e-01
4.113230852345168831e-01
4.802088925480461901e-02
2.182576026662847446e-01
-6.959653275286845631e-01
3.227490347993411945e-01
2.102479943975045784e-01
-2.986770740015025627e-01
-1.000000000000000000e+00
8.934565220382931772e-01
1.354949403312090683e-01
6.761696228264035824e-01
6.761313463099869470e-01
-8.567806273213792734e-01
3.840931482119345763e-01
-3.482046837340260215e-01
1.000000000000000000e+00
-9.463941626841912425e-02
7.408130307377479573e-01
-7.378076782853272286e-01
-9.602421877261080319e-02
-5.327554376058348667e-02
4.402273600263708619e-01
-2.603226523865084796e-01
-6.020000751585536936e-01
4.066334216549133407e-02
-1.053576457449285353e-01
-9.585016477096215404e-01
4.073277866170045836e-01
4.746894907107980233e-01
3.138732001276681727e-01
9.650814082124417048e-01
-9.149324851389419866e-01
-5.545774488343311326e-01
5.785212464614812866e-01
4.028043205183373110e-01
-5.644163155788992636e-01
8.117400807224078862e-01
-6.355944202694717715e-01
-6.368293694659181714e-01
4.127833414660740941e-01
3.352387669998531383e-02
9.952904705288132536e-01
9.539566384799808008e-01
4.147962657434977607e-01
3.842913715744497027e-01
4.451916363529435094e-01
6.795551339310863526e-01
2.641424479154383387e-01
-7.033601783110303707e-01
9.278406270107001363e-01
2.575888589549803487e-01
-3.165156849251631876e-01
-7.009797608783377987e-01
-9.215792579411131724e-01
-3.864861669408778400e-01
4.070117481612821608e-01
2.701194033285058693e-01
-1.461052553569718859e-01
2.758796883100833597e-02
6.444534330459469329e-01
-2.523402797982011725e-01
-7.071480904887693653e-01
4.752289493427390710e-01
-6.932909084670261235e-01
-4.583167268985402498e-01
1.220907963233637539e-02
5.887739719912676861e-01
-6.791519556669345370e-01
8.258651398412868438e-01
-8.556415926941894901e-01
-7.019016374678772596e-01
7.405139817381601874e-01
-5.530073785931932662e-02
-6.064519580606881483e-02
-1.022979600319249005e-01
-1.054327153332205447e-01
-1.812529888483421781e-01
5.975755033027058821e-02
1.527015601646917187e-01
-6.166703356662367463e-01
1.890514265857259346e-01
-8.086251193959983485e-01
-8.758763343413488167e-01
