5.678152614397331543e-01
1.072823941192774522e-01
1.554391697981937215e-01
-1.010316288481890173e-01
5.384227011680292607e-01
-5.110357818592727863e-01
6.521074701788406314e-01
3.683961544602000204e-01
-1.149316727609639849e-01
6.822362616159504123e-01
2.041009794550713297e-02
1.000000000000000000e+00
2.862179056588903814e-01
-3.497200882134017808e-01
-7.160837269279476391e-01
1.169622157399082402e-01
-5.283155618120917163e-01
7.786708112536486759e-01
-4.176768226022446046e-02
1.639489154557977335e-01
8.368123907281742602e-01
2.166383339028598587e-01
-4.522932454490480314e-01
-3.586482418997258975e-02
6.865567647669945650e-01
-3.864926979188116896e-01
-8.084445633452683744e-01
9.256228249960598564e-01
6.876568349681547732e-01
-7.924374030917367973e-02
8.473724721430762052e-01
-1.563728032766993070e-01
2.128684837684030051e-01
-1.235330951228375135e-01
-1.150216817801641422e-01
4.450517923437374290e-01
9.332042384020755588e-01
7.105197423973229343e-02
-4.128303417609509030e-01
1.413576583849143753e-02
9.537310379657440440e-02
-1.229942763117125165e-01
-9.244241107440333005e-01
9.184951906064389160e-01
4.396486564206719683e-01
-4.237035552894827251e-01
-8.320381907516333220e-01
4.308470879134792542e-01
6.258594207080312444e-01
5.498892714592226172e-01
1.677527985242847075e-01
-7.320611463575487088e-01
3.726615608512025557e-01
4.083805745451253300e-01
3.642754613225184790e-01
-9.032954134195004814e-01
-6.218734823421898650e-01
5.425606991664320145e-01
-6.481007953083557371e-01
-9.334251888484441650e-01
1.375786946626195439e-01
-7.728570564812172750e-01
1.928874452732401434e-01
-2.785111507671763076e-01
8.676950851070155402e-01
-1.305352520119731630e-01
-1.000000000000000000e+00
-9.427456863044068047e-01
-6.323719063289792164e-01
-1.048989403405716503e-01
-8.293776489806501395e-01
8.704109570213185432e-01
8.566206296256297925e-01
-2.916520448120472619e-01
8.547585046989051305e-01
-1.385169921995190179e-01
-9.761461602639472934e-01
9.307988244574936232e-01
1.382399304096245674e-01
-5.800182011873630250e-01
8.539582829334215752e-01
-3.702290015548755781e-02
5.558375144530403739e-02
2.501495344231798867e-01
2.971422793491179659e-01
2.585989376493876279e-01
-8.526212679062369348e-01
2.056088742806399250e-01
5.798649481148474560e-01
-9.333998490790248459e-01
-2.013755083527865031e-01
3.618943749542948007e-03
1.300243646631115413e-01
4.085692836302801112e-01
-1.528815908841728577e-01
-7.857102539877355296e-01
-4.160334326445026543e-01
-3.829505529881104819e-01
9.283262082959583550e-01
-3.087934723323460529e-01
-5.970211683698724014e-01
-3.972704757429303957e-01
5.423950704471294237e-01
7.421157892454995908e-01
6.583290629227080970e-01
8.090450054745913500e-01
1.441781143386116903e-01
8.842453601791651074e-01
-4.748474779663144907e-01
1.361893354186015370e-02
3.028250550440476641e-01
7.566695464644886959e-01
8.087165084929612835e-01
-1.916464843401392004e-01
5.510732400868542102e-01
-8.751540122411165523e-01
-2.211675506260274426e-01
-6.857579203576567028e-01
6.221768565884288060e-01
-7.252096712554695346e-01
1.479225378888958664e-01
-6.671832829865382841e-01
-6.049003933016257051e-01
-6.618449515399827954e-01
8.270913033247084822e-01
-4.977206229473290500e-01
-8.305839098702737511e-01
8.473650928424196760e-01
9.391075223707848751e-01
7.340837711803787080e-01
-5.607419972726904733e-01
-7.174475631371747264e-01
8.655877043540753935e-01
6.603505532184255067e-01
-1.160054262744142639e-01
-9.635115970175295308e-02
-7.274368602157508246e-01
2.758073308100986165e-01
4.275405524685001457e-01
4.071156813934898033e-01
-7.777307848910125498e-01
-5.695256016846561575e-01
5.357711698765661446e-01
1.229349559334015629e-01
6.006980048303479647e-01
-4.363357143582322628e-01
5.012042872972872765e-01
8.730176206824100671e-01
-7.649169726587353724e-01
-1.523621806837056059e-01
-8.008521565992197111e-01
7.075352490162410968e-01
-5.952558331297177485e-01
4.546648082677557934e-01
-8.759555281770707857e-01
-4.727284967149883443e-01
-8.978494413822853959e-01
-2.035860627805589351e-01
-7.519163574122018634e-01
-7.773743819610496875e-01
-1.696846828993374690e-01
-2.218731993241001843e-01
7.645976166875880775e-01
5.294617307183110411e-01
6.572187261928683633e-01
-4.935221575570730712e-02
-1.308715004313320551e-01
2.187544577301380189e-01
-1.000000000000000000e+00
-3.976136890436365312e-01
-2.474694030073363860e-01
7.442657050462040402e-01
-1.000000000000000000e+00
7.160237529474675622e-01
1.930063738816337193e-01
4.865721269132822213e-01
2.182729313675497163e-01
7.439864874584598553e-01
3.519995060642810980e-02
-6.872624369057593885e-01
2.021400532158081353e-01
-4.865276388365948890e-01
6.314895646074487889e-02
8.731397367895082917e-01
2.983302024398951091e-01
-8.527599868456584020e-02
-4.630337940201884050e-01
-7.221889745681452366e-01
-1.000000000000000000e+00
-2.216009411986817612e-01
-4.518653879156407371e-01
-1.386028105696419932e-01
-3.708799465876131546e-02
-3.203935850111525596e-01
4.841423844815471722e-01
2.656667007352390142e-01
-9.035824973824311268e-01
9.207059613215244909e-01
-7.653540748926412896e-01
1.000000000000000000e+00
9.854965056543635304e-01
9.262557172022950480e-01
-2.486241454966680031e-01
-4.549302973316801668e-01
6.338484607255294723e-01
-2.694860189390371197e-01
4.173713870554165428e-01
6.857345117656656885e-01
2.294289768116623274e-01
4.927461760501587462e-01
-8.316749004482667518e-01
-1.616331391012000851e-01
6.256847490131611789e-01
6.979691430752800185e-01
3.602177011988088040e-01
6.924755140188393332e-01
1.308722724468742438e-01
-1.216610082836434292e-01
6.260378372592686480e-01
1.460731150453809801e-01
-8.128311487827700743e-01
8.599648796901441239e-01
4.873603726658613522e-01
8.513048442386111914e-01
-6.207188999342639901e-01
2.475048679247256467e-01
9.085043016588969511e-01
7.167708199613550546e-01
-3.367342123405214771e-01
9.056426825908390210e-01
8.931756319034882541e-01
-7.121495993162043625e-01
-2.878201363158500170e-01
1.000000000000000000e+00
1.625612505952591935e-01
-4.191632387304877749e-01
-8.743585608488340100e-01
-6.028289658376055904e-01
2.553873049514572280e-01
-2.806811428994377411e-01
-4.578099388021307781e-01
9.555810492702376813e-01
8.664345430593656250e-01
2.877025115148486023e-01
5.354682999825460810e-01
3.305090373571164530e-01
3.220685250953381207e-01
3.471651406374511306e-01
-9.907829051852260482e-01
-4.480706206242898171e-01
-7.762431853339952781e-01
-8.839709242478156481e-01
5.329244171699591970e-01
-9.571762635118263862e-01
-6.115192973785077424e-01
-3.671080282854505827e-01
1.122127860770923691e-01
3.514342404911739437e-01
-2.225957547540586001e-01
-5.652596693967578689e-01
1.614686952725961910e-01
2.334399983162400438e-01
-4.811016225726783002e-01
-5.486845007703223809e-01
-9.671511573355142666e-01
