9.642452589841743471e-01
-8.640304005206418392e-01
2.374543624532811648e-01
-4.750966682184281642e-01
3.150291294102742223e-01
1.435196724082596353e-01
-8.542750054212413513e-01
-7.966175751132700267e-01
5.899694449386687634e-01
-2.148959379767018119e-01
-2.415293332934818349e-01
-6.876882806659085912e-01
9.931842595213036251e-01
-9.642217283808425243e-01
-3.901664655510075352e-01
-5.377996042545711841e-01
-4.175065233696079736e-01
-2.785816026913338073e-01
9.167269548925383038e-01
8.271081098664052611e-01
9.139694588713087597e-01
-2.224823819736816144e-01
-6.409196348064620796e-01
-6.053457862972412284e-01
-6.580549356493118340e-01
-4.916204768706405326e-01
-8.113674498263376833e-01
5.981520461012258538e-01
1.616073202032970724e-01
6.224132375186258725e-01
9.439569507773853951e-01
-6.489522853142501990e-01
7.714214341903784244e-02
-5.989526938783574783e-01
-4.884673569598971948e-02
5.476921451751465275e-01
-2.824105616208855141e-01
-5.800643026253757273e-02
-4.678646787605279522e-01
7.387111876108475306e-01
-6.060269306216302665e-01
-1.173591361127944988e-01
3.901775318476920495e-01
3.601137891178985972e-01
-5.503014118249157510e-02
-4.761538771935108771e-01
1.000000000000000000e+00
-5.550520067978632899e-03
-8.648370398668456804e-01
-3.742971300685450364e-01
1.603909286915956856e-02
-1.000000000000000000e+00
-2.678244447229463088e-01
1.341613472877000723e-01
-1.500689074668526135e-01
-8.914222888773929432e-01
-8.729108481280449805e-01
6.398285214627721373e-01
4.682498450153759206e-01
-4.177481050136331309e-01
2.197538467451295441e-01
-1.168428845558076024e-01
-1.660829910790383446e-01
3.610026532572209734e-01
-1.699386491837381052e-01
-4.050857270346007732e-01
6.462038392023908839e-01
1.000000000000000000e+00
3.622584124583554943e-01
2.673966467281956305e-01
4.546283722819978723e-01
6.142292208196610259e-01
-8.965853627907955925e-01
1.007501197068413901e-01
-1.101799612257688549e-01
-8.097708510425704054e-01
-6.183440323175197761e-01
3.742025915132828895e-01
-2.350055103934746703e-01
6.951571380135691813e-02
-3.256784393270056865e-01
-1.284284725627406198e-01
-5.014505133263134906e-02
1.000000000000000000e+00
4.253881316553618785e-01
-4.084178836848629812e-01
1.159838436900228476e-01
-5.746552342463813190e-01
-7.439021061972154181e-01
-2.575010636359045813e-01
-7.637151754850590724e-02
-7.999416399767121932e-01
6.769863065500911770e-01
-7.666583092925711718e-01
4.863613623878823566e-02
2.118506813227599150e-01
-4.563700071118149681e-01
1.783635582471758962e-01
3.944509665455968594e-01
-8.197488583463503620e-01
-1.160429871317395500e-01
-8.010900520802188840e-01
1.141236262901680898e-01
-3.500614296641006429e-01
3.605094668171799355e-01
-9.265264962655018754e-01
5.104249845764796678e-01
-6.668838149284402883e-01
-5.623711043672434684e-01
-5.782696200067088954e-01
5.712015748204538612e-01
-6.080748958582533614e-01
-1.985075216085296357e-01
6.508457575067736478e-01
9.268330847042834109e-02
-4.076181018141605272e-01
-3.193668368142131841e-01
5.149389758983566878e-01
-6.033220074371811181e-01
1.878037333389490360e-01
6.184430767293049858e-01
1.173741287930081117e-01
8.637861943719243873e-01
2.902093392200653654e-01
2.608915098326729520e-01
6.168724950144137686e-01
2.688812111151914208e-02
4.090395429859705612e-01
-2.048522766979691823e-01
3.570096069154552465e-01
9.635957976074013276e-01
-4.257236140400139091e-01
2.798439863068897249e-01
6.722995130958043797e-01
6.813514421223000606e-02
-3.027316988048830981e-01
4.069671768973428527e-01
2.210324674151557534e-01
3.504233091207984985e-01
5.532664498777154494e-01
-6.158541248197053203e-03
9.240155209431976102e-01
2.774255063638926821e-01
5.056656441019605763e-01
9.380479267005145116e-01
-4.372838416162628805e-01
-5.159802166536716639e-01
1.028899959505487766e-01
6.929580862716328005e-01
-4.926409284992560589e-01
-2.659747700363229717e-01
9.065444726271925102e-01
-5.087670325019068018e-01
4.119676275003593124e-01
-2.675902643220018917e-01
-4.615424409573872233e-01
-5.359575051535885037e-02
5.308041417380815474e-02
-1.798643280721903270e-01
-8.936217056634770950e-02
-5.912725367842267543e-01
6.596766449447361014e-01
-5.334814636246720809e-01
3.502966462036021800e-01
4.696474481248834043e-01
-6.444161728986946835e-01
2.688138932446900720e-01
6.296443176020116717e-01
-8.841497907406142831e-02
7.976820323531609302e-01
-4.279624650537095509e-01
-2.890633666502547272e-01
7.072636612344049833e-01
6.947574675154759571e-01
-8.951057415215050994e-02
1.000000000000000000e+00
-6.313210860035862737e-01
2.496848904366391064e-01
2.359230134126468204e-01
-1.205684364846498074e-02
-1.935578427355423570e-01
9.593117325719114907e-01
3.774949004693464727e-01
2.015670044717093878e-01
-7.596657738751767530e-01
-3.355928048828621946e-01
-8.672704061281627519e-01
-7.261418340016491113e-01
4.748144598805171812e-01
8.027956387454362464e-01
-3.781465440792627364e-01
8.561075122975457807e-01
-4.975527729722756254e-01
8.241721523153028306e-01
5.435803277239525944e-01
-8.042193898437247634e-01
-5.602750890126291239e-01
-8.975625086425133015e-01
4.276299193849031344e-01
-1.000000000000000000e+00
5.205395926606561918e-01
1.587706979783555794e-01
-9.470213968910036195e-01
-4.363533216509127288e-02
2.221800989448840524e-01
4.066793806340145978e-01
6.335625573935940169e-01
-6.002699909711569637e-01
8.877884333579773024e-01
-4.801588799114440698e-01
-7.595465018081869468e-01
2.444499852090726566e-01
-3.663798138858489484e-01
5.141434085660754327e-01
-1.915825482167050620e-01
6.825090433357104969e-01
-9.228841057549880267e-01
5.836537715890761646e-01
3.292739516530787669e-02
-3.204167916236593250e-01
-4.559179348252628827e-01
6.503381882622440990e-01
-7.698932759725842789e-01
-3.007256537414805531e-02
-7.159537063708335536e-01
-7.650112138330679157e-01
-8.296953938713180765e-01
5.520270828659793461e-01
8.743183172091704147e-01
5.418644612083161061e-01
-4.814928086960674758e-01
3.279637045354363289e-01
-1.602324851067066791e-01
1.080315073158219091e-01
-4.311153193152077456e-01
2.500209279817304231e-01
-3.035565441874972792e-01
2.460392196647997187e-01
-3.247998055761881497e-01
8.928714981345976520e-01
-9.106780449992166737e-01
-8.469367766025339694e-01
1.053413674448068216e-01
2.162876442626372742e-01
9.741256180489371586e-01
2.639182011927029836e-01
-7.173224858815374638e-01
4.594109918623985322e-01
-7.998101156980372828e-01
-8.821993035616080281e-01
-6.935063213338266142e-02
6.835215878613457030e-02
5.295400718093289383e-01
-3.142034636387298074e-01
1.000000000000000000e+00
-2.829058919692860052e-01
3.255565851420722523e-01
-8.868966205966265504e-01
6.539324737162744983e-01
-5.256994097836455992e-01
-1.741312659245533023e-01
4.580734456395419985e-01
9.698607135376065003e-01
1.000000000000000000e+00
6.138431909153733990e-02
