-8.253453226627673889e-01
-2.818916411055005788e-01
1.951848171146599586e-01
-3.065027504152926241e-01
6.954982327227430261e-01
3.483423577764759305e-01
4.685766805237536747e-01
-6.067973492954514825e-01
-8.636700395340732861e-01
-8.257050755262564934e-01
-2.820380125855705966e-01
2.787858992793741386e-01
-8.592421744905076597e-01
-2.399534949332673417e-01
4.728773044007814619e-01
-6.446263762555217713e-01
-6.478192891220329042e-01
4.943212233126177413e-01
-8.351615702878039116e-01
-3.425778380910848853e-03
-8.070214945201263923e-01
-4.335710136082537858e-02
3.315826946053070934e-01
-4.673109900226877222e-01
8.688902507498807992e-01
9.952275208909657778e-01
-8.660284899738621700e-01
-4.234993593121374467e-01
7.273361700208431646e-01
-9.866488839119780252e-01
8.075181544314549154e-01
-6.933997085290379836e-01
-8.400879108261427586e-01
5.509789908885860399e-01
3.491292829639760509e-01
4.324431544632603153e-01
-6.484019681614505703e-01
1.045549534957566085e-01
-1.108408366022779479e-01
3.924524981779247135e-01
3.382989303999188735e-01
7.194495747111027129e-01
-5.185893537550960719e-01
1.243766253748228579e-01
1.610609521504560160e-01
-8.117258486339105072e-01
3.695455082650906942e-01
-4.216343528255173112e-01
-4.663088806308528511e-01
-4.829317719613850368e-01
-3.662537570699984091e-01
-3.418637786941189916e-01
1.926693793386848874e-01
-7.160509249584192659e-01
-4.174669111468234384e-01
-7.760544973378113998e-01
9.539617401224922411e-01
5.330639156790955013e-01
7.975284721519955156e-01
9.376849482414062464e-02
-3.801642705030314762e-01
8.340948191309569548e-01
4.544505270363408123e-01
-5.803323809527904942e-01
6.029612182701393763e-01
6.233167901790575005e-01
2.096422678980949250e-01
8.750498682980427656e-01
4.983470546641528554e-01
-1.333504434921197745e-01
9.781676534784868871e-01
2.336079974998437336e-01
-2.816888615726709233e-02
-3.105355216572602828e-01
-6.954281090595733072e-01
-2.727011815449920107e-02
9.609201086627565669e-01
3.626285840977505615e-02
8.899056570346266515e-01
3.347068744290178088e-01
9.884522259605406092e-01
8.798864562810337908e-02
4.142544289010419156e-01
3.100476197797381595e-01
7.735794256703709681e-01
3.830616962331974129e-01
5.878948418997713699e-01
-6.749201613750597240e-01
1.647165703624366984e-01
-4.620929490326506350e-01
8.561739718588536885e-01
5.473760317791243057e-01
2.214440699896038645e-01
-8.911302939209926333e-01
5.702915962987253895e-01
3.686188662253724324e-01
1.148873942726535979e-02
-3.688869270147936419e-01
-3.514803893428690706e-01
9.350407451483000454e-01
-2.557960807524224389e-01
3.775022578113753635e-01
-2.422488914972931173e-01
9.371347538100509578e-01
6.724160280920656874e-01
4.743631500449623228e-01
5.413437230060551553e-01
-8.798754363584444516e-01
-7.764916428688661831e-02
-1.985103155484324589e-01
5.520928780044485062e-01
-5.069087509582788087e-01
6.441745125311015840e-01
7.646741767958940006e-01
7.319593569977445036e-02
-9.258761492324356634e-01
6.723467487252199337e-01
-3.589920465685203510e-02
-9.037649278308659273e-01
-2.606406570999495464e-01
-2.829836585830445284e-01
8.286667680865078545e-02
-1.919486617674714957e-02
8.616374894806955176e-01
7.528561248130449801e-01
6.479539789939612326e-01
8.884024543025299536e-01
-1.723327406024461883e-01
6.195250537473810937e-01
5.530185985486768541e-01
-8.610540782179996189e-01
1.935593847913559262e-01
-5.267479859338730641e-01
2.569940995955546370e-01
-9.285106557195021981e-01
5.393693563156920501e-01
-6.916908602810438733e-01
6.288865766040492300e-01
9.755770631615818811e-01
4.778324049639000037e-01
5.833029756517482678e-01
3.204918542336157028e-01
-4.294387279614604314e-01
4.359273980941957838e-02
-3.789517943065792149e-01
1.495939960153107595e-01
-4.566612796992475243e-01
-8.015257776102857612e-01
7.406605256525808922e-01
9.349645439489440157e-02
-5.045554634610054379e-01
1.544440016322734532e-01
-9.813021354296178611e-01
-1.786503214999168865e-01
3.169157735680458998e-01
-6.199938684112380471e-01
8.018301772434917041e-01
4.446555737177959600e-01
-2.336833460739513590e-01
-9.776291276118453943e-02
-5.136682963661272083e-01
3.582305170961044283e-01
9.948564195617848327e-02
-6.443940489071058320e-01
1.911292324217253036e-01
-8.072325996928737535e-01
-3.910729077578476431e-01
-3.426105825729124366e-01
-1.562183485779673475e-01
-6.009155161970098913e-01
-9.459188206756490302e-01
8.222267526080018207e-01
-3.620120035335405717e-02
-3.134161586049422077e-01
3.916963184443627011e-01
4.075787779616877327e-01
-8.012275133923716375e-01
8.385170547515732320e-01
-6.666660306029208449e-01
-7.358025279107649474e-02
9.651918726677253257e-01
-6.602430975026609694e-01
9.915775712423455790e-01
7.719903812344488525e-01
-3.243901562547266693e-01
8.558082217926232804e-01
-6.767477402526800301e-01
-9.101884865638001365e-01
-5.942516021282571170e-01
2.531948101110614857e-01
9.721263329787399599e-03
-9.591703850737001158e-01
2.347066411642100281e-01
-8.707577968818280834e-01
-6.677007514790567200e-01
1.016074187768827297e-01
-2.389661658763986285e-01
-6.077301549428653082e-01
3.570012351885056834e-01
-4.743109306345878462e-01
1.537365716909775415e-01
4.473169602874922379e-01
2.034671974169979247e-01
-1.575416392335400317e-01
6.387186312317494341e-02
6.849443126487606559e-01
-9.811214347972847527e-01
3.881733035408621024e-01
1.003833381721357387e-01
5.461059903601219734e-01
-7.413239077423579015e-01
5.458740203861545126e-02
3.866607029617468161e-01
-2.681245320700040846e-01
2.921867700772959875e-01
2.444985692398831123e-01
7.427869709400347631e-01
5.148948862155366957e-01
9.864605899024370128e-01
1.497315870494464463e-02
6.200271345268195677e-01
-5.148935558760237008e-02
5.622663481290057774e-02
1.397353666988219167e-01
-5.146974008956031188e-01
-7.666281228900455602e-01
-1.622316396076968203e-01
4.033121530694714352e-01
5.767204337728111252e-01
-3.842799220695571893e-01
6.130006809559083170e-01
-7.692523747424844238e-01
-7.330718194162380019e-01
-1.546582688734865485e-03
8.658984679348997737e-01
8.761732936870003652e-01
3.072994069330972078e-01
-2.317120833618857567e-01
1.647924612463793625e-01
2.146588308696630865e-01
-8.165483286341759239e-01
-2.500787294069934941e-01
-5.640549013726967598e-01
2.580711015463597047e-01
6.789315966449906981e-01
-5.339916258850871955e-01
-9.541104335869683428e-01
3.480846610805730101e-01
9.429329719474215388e-01
-2.112894019929401068e-01
5.318173296976036468e-02
5.504263680524830171e-01
-3.284809327739166562e-01
-7.867399083270865123e-01
3.825339343157734273e-01
-2.425958785623243408e-01
-1.246544270260292464e-01
7.028371164489259915e-01
-5.940749802089140275e-02
-6.031618854302176480e-01
-7.823310557813780708e-01
5.044586093768148594e-01
-9.944485102851396974e-01
4.039172979438090394e-01
-1.967434628738118363e-02
