-2.650938598382687195e-01
-1.298236274334087226e-02
-7.614361417173532987e-01
5.332683748590175687e-01
6.623779570980602438e-01
4.532894027553787120e-01
-1.751074876900872712e-01
-7.753946647336494857e-01
3.971067311886509188e-01
-1.000000000000000000e+00
-6.537323946233294381e-01
4.285193004432215069e-01
-2.946690230128973798e-01
7.586789433452878484e-01
-4.700500113832195570e-01
2.588261778290659731e-01
-4.140349289113482989e-01
4.006626134491125257e-01
7.044708120924465522e-01
-6.500853117870853959e-01
2.008097973541529691e-01
7.282983017904284262e-01
-9.336465276957479631e-01
-3.254565537814047560e-01
-8.933275198414770690e-01
-6.715417153620587554e-01
-1.000000000000000000e+00
3.382511417991081459e-01
-5.550333443479581463e-01
4.371339694498757034e-01
-6.919939807617426775e-01
6.518998189466935766e-01
-7.321439137167473632e-01
-5.962695853960738868e-01
-9.460123343199082768e-01
-8.898110245195582912e-01
-6.456028548299904690e-01
-1.208128784857064320e-01
4.324906673086746922e-01
-6.137095338831688451e-01
2.375560404203991283e-01
2.628365269095646606e-01
-7.552914614321231124e-01
-5.989360426858119091e-01
-6.184951292651319488e-01
9.761081717062192187e-01
-8.725248211126505060e-01
-3.537146697715396471e-01
-6.422197472098897242e-01
-6.891556769811326699e-01
6.599279412314292825e-01
4.238082104715943932e-01
1.451848960090104668e-01
3.357250001094985725e-01
1.060197283312648009e-01
-1.468366379561100166e-01
7.097619171850315656e-01
4.335678041727565879e-01
-2.194124982715649208e-01
8.514012274467903651e-01
9.314038703239178041e-01
3.136935273820150583e-01
-7.575426000287666106e-02
-1.146027078116988174e-01
1.608403160270192034e-01
-5.262770290010685414e-01
8.400315627107800276e-02
-7.367845063419076190e-01
-3.992202369968092524e-01
-3.529736915317597257e-01
5.935083383518644506e-01
9.394127603671199589e-01
3.028218793468662184e-01
-5.366760197431009738e-01
-9.869476730075762982e-02
-5.095336984152206705e-01
7.027653050704649740e-01
-6.466964344230232697e-01
1.681611481090338200e-01
6.336596859806528648e-02
2.451453620816944345e-01
-3.338104957331349820e-01
3.666175113549725029e-01
-7.333419159191920667e-01
7.662498558787990133e-01
2.731476290530019391e-01
7.057279974920687149e-01
-3.401723000222385274e-01
5.819287617596023976e-01
-6.270360756416507586e-01
-6.619481815503245326e-01
-4.556065725268861333e-01
2.727918007835105074e-01
4.967182107185998396e-01
-9.267910807687623764e-02
-2.403061992210910047e-01
5.617074232282242008e-01
4.685316567463652937e-02
4.228236894501654075e-01
-6.041389958186648146e-01
-8.331202350922481958e-01
3.272314731138666333e-01
-7.810232502505543017e-01
4.189723013042641053e-01
-6.094628740727938698e-01
-8.017272678129240271e-01
-3.686620138257548640e-01
-8.332902342058342571e-01
-5.655113476988320453e-01
-8.428059659925848379e-01
3.360864712836901247e-01
3.482098668742043546e-01
7.099694125274371714e-01
-5.218984750687815088e-01
3.219731524390978539e-01
1.761625282559041161e-01
9.407792066434502720e-01
8.679943459664813954e-01
7.350640619531269293e-02
-1.000000000000000000e+00
-8.255059268409896678e-01
7.689081321139367153e-01
-3.694849941084936140e-01
-2.259779788856078331e-01
7.883411843437686528e-01
4.075165280236170973e-01
-4.716124508160273732e-01
6.458424285112316365e-01
2.345619830231668868e-01
8.485133885308425716e-01
-2.969960589133336382e-01
-4.442773275142937184e-01
7.896302261983970672e-01
-8.380182603016662624e-01
-1.891847927520538541e-01
-1.345735664816716526e-01
2.334379098490900195e-01
-4.998771948106857099e-01
-7.625070208039419484e-01
1.202819953761758709e-01
-1.128872692962443747e-01
8.037009972363162724e-02
-2.421849732942998878e-01
-7.349651904939461522e-01
7.175814642536934018e-01
2.629395376720282673e-01
2.245318485761566007e-01
2.596584888562957216e-01
-5.419169670316993370e-01
-1.448804839294682845e-01
5.986335656794176119e-01
-1.716307801929691790e-01
-6.922831496435702947e-01
5.051071146617333030e-01
-7.146339437615792933e-01
-1.000000000000000000e+00
-5.989684779409485404e-01
-1.388288131370025436e-01
8.829125892284110932e-01
-5.772100662650021113e-02
-8.703158075882206912e-01
8.135742845169668946e-01
-8.128561797420807977e-02
-2.784790695497539881e-01
5.601314654261567716e-01
-1.700233664343214213e-01
7.701728309993193244e-01
-3.845144847430800317e-01
-7.543540487114393234e-02
8.329128884648810960e-01
-2.740200849427396612e-01
2.928607778226769986e-01
8.657380186191691029e-01
6.246994527027491806e-01
-4.118274980337711111e-01
-7.810876520754164720e-02
3.168195690792036112e-01
-3.857035698430570370e-01
-7.503205033095487753e-02
1.601926899301260310e-01
-5.977019370374203611e-01
-1.646901736845302611e-01
-4.076193933474508424e-01
-5.383486780191704124e-01
-1.000000000000000000e+00
5.365052552087299365e-01
-8.720995239541751154e-01
-9.601286480912074595e-01
-7.796205190685976394e-01
-5.687922621840689752e-01
-7.682893287805395710e-01
8.499039499157421407e-01
4.821428188075271293e-01
-9.659330546582047816e-01
-9.379489518838710627e-01
-3.744698809779917759e-01
-7.750976810380935111e-01
8.134029747387682141e-01
6.056943491285142755e-01
-2.698549022858734991e-01
-2.954640667010678956e-01
-1.780190846320086132e-02
2.699318222860617178e-01
-8.180861573703857026e-02
-9.141322653855317171e-01
-5.842512557531974460e-02
-5.383336103263925976e-01
9.746695247642092053e-01
-5.689613174292657005e-01
-1.000000000000000000e+00
-1.000000000000000000e+00
-3.202382735468483621e-01
-4.963037793434847689e-02
9.048470512119279885e-01
-8.092962771635670016e-01
-3.642941948903400534e-02
3.245242462372777692e-01
1.714121717611572226e-01
1.000000000000000000e+00
-5.694520655617349991e-01
-9.008312041923550728e-01
7.827310278504058250e-01
8.955450449091795218e-01
1.909324434524408975e-01
8.634250032398977925e-01
2.609648789610819475e-01
-4.806458612618622062e-01
1.000000000000000000e+00
-8.838778486618518171e-01
9.167201040895559538e-01
-5.174959151125940737e-01
-3.402939833312836893e-01
-2.140028332159296109e-01
-7.129921160474176345e-01
-4.653712245718419349e-01
-7.785383570855598512e-01
-2.142613535959657090e-01
-8.217606050023835706e-01
-4.052303719588497000e-01
-7.411907791048739647e-01
-7.186723826772291046e-01
1.416029324469428308e-01
-8.108034621094695193e-01
-1.604879548533416633e-01
1.000000000000000000e+00
-2.714559062536206838e-02
-1.000000000000000000e+00
9.652715182544849282e-02
7.724120507527008905e-02
-3.292563081032874317e-01
-7.974530855893406933e-01
-2.524896063547795722e-01
7.083570123885927217e-01
-7.284791291070110697e-01
8.122210301699512858e-01
-1.000000000000000000e+00
-4.365253544038718014e-01
7.964637138604180322e-01
5.217455744291406017e-01
1.354534795536413982e-01
-8.080284227851066703e-01
3.621785563676714614e-02
3.625986879440050714e-01
6.158347719339356541e-01
-7.280252570778128485e-01
