7.126119314603098776e-01
-8.006782038423654324e-01
-4.197108473708102694e-01
3.624507108263508304e-01
5.856951972936769168e-01
6.374798582123917257e-01
-3.529810777159217983e-01
-8.097773896729342225e-01
2.270474597039956743e-01
5.416555113946481814e-01
-1.323831671235516372e-01
5.124834040867324303e-01
-3.764081707954722994e-02
-6.034683192800271989e-01
-5.039829507028829036e-01
-6.476676485063742605e-01
-6.258981791694425700e-01
5.203028119527552953e-01
-3.815209946340476499e-01
4.429205462621309541e-01
-3.554810990009112381e-01
-4.523369210336166124e-01
3.666452835507504893e-01
1.000000000000000000e+00
-2.925490764551406664e-01
-5.161263470883242777e-01
-4.301083920657647885e-01
-5.540931349102324877e-01
-1.000000000000000000e+00
4.504261763661291940e-01
8.567816257598119822e-01
-6.011379254584408027e-01
8.603505845034927768e-01
8.012064787183370562e-01
8.599468664276326280e-01
-1.000000000000000000e+00
9.822815847302313053e-02
-2.874824990798668933e-01
-5.858982068960352230e-01
-1.000000000000000000e+00
-3.612777237021735921e-01
-7.439236291630665354e-01
5.441980564937635156e-01
2.748419113933601166e-01
6.560734649367279125e-01
2.420295416311354086e-01
6.659916257702683806e-01
8.842605784816076619e-01
8.743393157514910419e-01
8.666749202337352687e-01
-1.521229894695354801e-01
-3.183425337564148583e-01
5.149443758404910199e-01
-5.328688248355617496e-01
-4.865657217219871988e-01
4.647097968203745544e-01
-4.662687509751596293e-01
6.778111335487541078e-01
1.285695700051384116e-01
1.936516316417780104e-01
-8.483262705272653914e-01
-8.417029322355542575e-01
3.912809570069547549e-01
-6.314386113809314915e-01
-8.995574606289001851e-01
-1.371125020604836708e-02
1.000000000000000000e+00
-6.194005017090797871e-01
-2.663040970954833053e-02
-6.850676752302797823e-01
-5.593555397136013019e-01
3.654603091394359460e-01
-1.000000000000000000e+00
-5.900885392170662769e-01
9.246318961371772227e-01
-1.627261421869655167e-02
-5.640986445932754112e-01
2.427510067215872189e-02
-8.404201399552925222e-01
5.420172725815187720e-01
2.200041428437823909e-01
7.291986387207380349e-02
5.698776090447438269e-02
-6.872568235407638948e-01
1.779949357760252371e-01
-9.946669820871065770e-01
-9.925392311930410216e-03
-6.128455909189998163e-01
1.212902948519692381e-01
4.885462385731378920e-01
5.129106288184274165e-01
-3.532721710290095962e-02
1.557277975816702686e-01
7.974795601039315063e-01
1.586540670391466401e-01
4.722777367977465945e-01
3.757512883282723010e-02
-6.137249395651785955e-01
4.492607708275208056e-01
-1.578741857558975392e-01
-3.776435123097462293e-02
2.538203177673810096e-01
-3.723858414790434113e-01
7.237717237524257108e-01
-2.270952041803680765e-01
-6.593695693247501044e-01
-9.007845484486368681e-01
8.483504365167280348e-01
7.720626946209200314e-01
-6.618145605897965966e-01
5.342183095702619511e-01
-2.302599662978339623e-01
3.844774785711909115e-01
2.420545090746795136e-01
-7.770521649638961748e-02
-6.937113445657347999e-01
-5.250449314896747932e-01
6.151690494571077084e-01
2.937293837190646517e-01
6.026401767347422389e-01
6.410786972177486831e-01
-6.398780550473761597e-01
-7.293983321947093978e-01
-7.065188919195020123e-01
1.929432702743020256e-01
-9.424927762466428494e-01
-2.078925674593423006e-02
-1.519621717601518929e-01
-3.112305524102735865e-01
3.802230828682099939e-01
8.439763941341416054e-01
6.915123671399692196e-02
-1.765463333097183340e-01
-4.340692036371925355e-01
5.487242863672668891e-01
-4.286533562626264060e-01
-5.375752030466950382e-01
8.086751153604703202e-01
-4.416883502556832874e-02
7.425327394005616366e-01
-3.008321142636717349e-01
8.102764861198763491e-03
-5.485928124343721901e-01
2.549066284274456029e-01
2.558685752644296318e-01
7.762189066185862241e-02
6.258931930355721152e-02
-5.915512667741007480e-01
-7.948150903004231882e-01
1.167797292517687990e-01
-4.378486236033846124e-01
-4.173975059459495429e-01
8.760099084213804899e-01
-3.930023229711678834e-01
6.954539592824746652e-01
-3.116028576758942403e-01
-3.936422958191518884e-01
1.328814902793513109e-01
8.933009878427059514e-01
-6.854848508038501320e-01
-3.000964680242895755e-01
5.952319020143042039e-01
2.705460958799855153e-01
3.424036083384000007e-01
-4.945575169000090421e-01
7.160436197617948695e-01
5.106769729490372445e-01
-9.547486440092566307e-01
-5.667659257925536931e-01
-6.398764421203972930e-02
-8.232305893900000449e-01
-1.000000000000000000e+00
-2.018068450020581162e-01
6.075099741167380163e-01
1.583937810422415826e-01
-5.820101162198847433e-01
-1.577339496210907743e-01
-8.233889807715900622e-01
1.057552947493948931e-01
-1.636953515011510263e-01
6.314323595039957882e-01
-2.389561698710550852e-01
6.551624904368378299e-01
-1.851184659128846666e-01
5.410253810908352001e-01
-7.140028841572012563e-01
-5.582483573034479063e-01
-4.923000255204047493e-01
2.625551553217023715e-01
-1.262186985463589206e-01
-9.646732591551225866e-01
5.986208110011594086e-02
-5.403964888638953523e-01
5.308099998335991110e-01
-1.224490226900039336e-02
6.371486745226608850e-01
1.000000000000000000e+00
5.925549195208880127e-01
-8.895120392194236780e-01
-4.864028805270462774e-01
1.000000000000000000e+00
-2.744318294801367797e-02
-1.186932521749263503e-01
9.556212931883406592e-01
-7.842820000914022538e-01
9.488974027065604222e-01
3.190389699307332738e-01
1.067245682713239552e-01
-2.555089360043889535e-01
7.234381523422459548e-01
7.979348238572594454e-01
5.846713692272671459e-01
2.342734391489929013e-01
7.291056457217462428e-03
-7.691466113783010927e-01
-2.802829165428387670e-01
-8.639505732703293139e-01
9.992110147830488565e-01
2.650074402029758969e-01
-2.950870475436626061e-01
2.642357043171627562e-01
-6.430666131725718548e-01
-1.821584819646434039e-01
-9.069934069500804608e-01
3.578410417642216013e-01
-5.903132010923481943e-01
1.901106541513463144e-01
9.467003516219488768e-01
6.773646118736670330e-01
1.028162666289502980e-01
-7.095474657437811361e-01
-5.462072194599531388e-02
-4.776784530549355035e-01
-2.429343471460914117e-01
5.457321110243006368e-01
-2.328673385602472168e-01
-4.268280825000073109e-01
6.489018584985184468e-01
6.385518098692430922e-01
6.286378470133857643e-01
3.000980861273371270e-01
-6.856982956751328517e-01
4.296293980693888792e-01
8.567871766131246458e-01
2.288815392925726555e-01
-1.637995466189591798e-01
-2.823478941872423764e-01
4.502824401311181779e-01
-8.329665691971510633e-01
-9.516157785746909292e-02
-6.027822974468759476e-01
-2.167804568486934591e-01
-5.418450309521184449e-01
-5.943655507445803066e-01
7.250550315724935135e-01
7.152830544984843664e-02
-8.465515174093449779e-01
4.711585390201865065e-01
5.996283708100096366e-01
-4.977946363339241787e-01
4.134813068774526590e-01
8.181751371343869428e-01
7.522015355942034409e-01
7.798318058609152725e-01
8.574205340931210229e-01
