-4.692435108237888453e-01
4.833728549539005326e-01
9.824985429777314261e-01
-8.356937323851911792e-01
-2.978768179160649066e-01
-1.000000000000000000e+00
-9.666508806825263589e-01
6.362048160155033827e-01
-5.051213919715600298e-01
1.778002505367622388e-01
-1.000000000000000000e+00
9.640340615296323357e-01
1.000000000000000000e+00
-1.000000000000000000e+00
-1.000000000000000000e+00
3.977375998413154035e-01
4.733034878442313187e-01
6.940241208706872111e-01
-6.198675614778272891e-01
1.000000000000000000e+00
7.588214415407626978e-01
-8.295830875816248007e-01
-1.000000000000000000e+00
4.632631282354235935e-01
1.000000000000000000e+00
-2.772142697892348434e-02
-3.232908126777833679e-01
-6.488037665566256385e-01
4.621139140344364404e-03
8.321566146506133022e-01
-8.750324682577222957e-01
9.220232705831892250e-01
8.005099630681226097e-01
-5.341253372275616140e-01
1.490792091749698900e-01
-1.000000000000000000e+00
2.640609136296273585e-01
5.999860649060938522e-01
7.479430473563422055e-01
9.174744380666161048e-01
1.786572621320720866e-01
-9.427308597879452412e-01
-1.512999678623669353e-01
7.681557952643300879e-01
1.000000000000000000e+00
3.611489343999866319e-01
1.000000000000000000e+00
-6.967140654948943135e-02
1.000000000000000000e+00
-2.956343125868332589e-01
1.070389907571277499e+00
4.642688681681139684e-01
6.555400078667795727e-01
-1.000000000000000000e+00
-5.215269990415662971e-01
-3.277731456051266035e-01
-2.406783096571970815e-01
-1.000000000000000000e+00
5.119269001279094233e-01
-1.000000000000000000e+00
5.926085202080824121e-01
-5.140277141872158229e-01
-1.000000000000000000e+00
2.876533107736949091e-02
9.222959187340720177e-01
-3.400841103609051341e-01
-2.078698863634244609e-01
-4.036698986826806612e-01
-7.606408112668805455e-02
-2.006443829330392670e-01
3.145583572305873377e-01
4.724433174263303892e-01
9.813698075598976667e-01
-5.373860724881283080e-01
9.581771469552230469e-01
-7.037497090055908622e-01
8.878107246821203002e-01
-2.294625483725583615e-01
-1.000000000000000000e+00
3.014766142685373351e-01
1.000000000000000000e+00
9.403811643226021033e-01
-1.393829459127943204e-01
8.708811493474167831e-01
-8.573567396209480496e-01
1.000000000000000000e+00
-7.880500871699619436e-01
1.000000000000000000e+00
1.829688957383024395e-01
1.000000000000000000e+00
1.000000000000000000e+00
5.027178027885248479e-01
8.163157958309987805e-01
9.280214312970939128e-01
-6.219920892484798181e-01
5.318389580107782955e-01
2.347158248763880350e-01
4.307089018251044066e-01
4.259417756202416583e-01
5.067006075724809211e-01
1.000000000000000000e+00
1.453948640222523236e-01
8.803641032036340075e-01
-9.407877660809997877e-01
3.916942166451425900e-01
-7.194142006539646639e-01
1.000000000000000000e+00
7.908338592751981144e-01
-3.298328420465013178e-01
-4.373092090856998265e-02
1.000000000000000000e+00
-2.277754534390848684e-01
-1.000000000000000000e+00
8.458173162586080096e-01
8.969563186973001923e-01
2.311605672001812786e-02
-1.193789129317221587e+00
-1.410267333731022310e-01
1.000000000000000000e+00
1.225531957112577508e-01
-6.218870246965982895e-01
3.887034883349843040e-01
-7.948696016010310395e-01
-1.426004156361120989e+00
-6.196291498939283660e-01
1.000000000000000000e+00
1.000000000000000000e+00
-9.690859162433353990e-01
-8.713772027793595387e-02
6.212094861542011293e-02
-8.583737176234126354e-01
-1.523789253203418903e-01
-2.503449356073961796e-01
7.365853067460633730e-01
9.861572186875785517e-01
-7.664598341918164026e-01
1.000000000000000000e+00
-3.575017364584686108e-01
9.664049160153356799e-02
-3.347212534448944510e-01
-8.562901585375461977e-01
-4.687326343760226388e-01
7.811231401957338116e-01
-3.288063955991774034e-01
6.377957442610008298e-01
-2.728034990346075994e-01
6.808833370924023687e-02
-1.299340703708302402e-01
9.578429355805466727e-01
9.648450646025142907e-01
-1.000000000000000000e+00
3.406174971262366791e-01
1.000000000000000000e+00
9.377185188956603801e-01
-9.970477379072163471e-01
-3.012622670306693284e-01
-8.353324324071571549e-01
3.597392856048326482e-01
1.000000000000000000e+00
6.782255175751015219e-01
8.039950918253931933e-01
1.129948579085946481e-01
1.000000000000000000e+00
1.908538964867031174e-01
-1.000000000000000000e+00
-7.362336470758529261e-02
-1.052804508856511508e-02
-7.425324534986531277e-02
8.570748325919547161e-01
-1.000000000000000000e+00
8.528216145419900140e-01
1.709027691346070021e-01
2.829292553741473148e-01
-2.143399439582525101e-01
5.846920466897953528e-01
8.773897894539172126e-01
-7.898995712928627011e-01
6.629860587493853485e-02
1.849961801278620088e-01
2.028437444395324862e-01
1.000000000000000000e+00
3.019384810233904926e-01
9.034417290667737799e-01
1.000000000000000000e+00
-1.284397683826239700e-01
-9.732437686653441222e-01
-1.725047333618864309e-01
2.745437322124273383e-01
9.093403317089128191e-01
8.249278606166690064e-01
-7.852768262089830920e-01
-2.268149276404340942e-01
9.821452168770320457e-01
-9.731706636082319006e-01
1.000000000000000000e+00
7.707448699578296480e-01
-1.000000000000000000e+00
4.028656230304741848e-01
6.696833334310466901e-01
6.917610070874018469e-01
3.907305023112492282e-01
-1.398316324976621172e-01
-9.754271560121835494e-01
7.547253773899061935e-01
1.389825493381788013e-01
-9.884559165548968407e-01
5.339714428374711108e-01
1.000000000000000000e+00
1.000000000000000000e+00
-3.099628189628112485e-01
1.000000000000000000e+00
1.000000000000000000e+00
-1.000000000000000000e+00
5.838986920795187219e-01
-1.000000000000000000e+00
-8.398282761101341087e-01
-1.000000000000000000e+00
3.023140305724396626e-01
-7.030564577889883981e-01
-4.037575232583373031e-01
9.208401538028384570e-01
-9.581010196944544921e-02
-3.667917455423393980e-01
6.800860551292441381e-01
9.888512701857894438e-01
2.965944479088586383e-01
-3.438145578236501132e-01
7.453930145228502280e-01
-1.088552969714410429e-01
-9.882764304158768720e-01
1.056250326769819226e-01
-1.832187671065769741e-01
2.785378532980952726e-01
-1.655647819831551626e+00
1.375835017415446282e-01
-1.000000000000000000e+00
3.115371979708282391e-01
6.155519112463512243e-01
1.000000000000000000e+00
1.000000000000000000e+00
8.951706185687817730e-01
-1.000000000000000000e+00
-4.712742291697079589e-01
-6.599520747823271749e-02
-9.834028514847727998e-01
1.804818672625412290e-01
-7.992555299244894496e-01
-7.764521865224245367e-01
9.406187932043318378e-01
1.797355350657985351e-01
-9.208326725468046758e-01
-6.853500651376255304e-01
-8.064289738224430515e-01
1.000000000000000000e+00
3.250132064748296190e-01
-8.122438625477707008e-01
8.193178741294711021e-01
3.021678816363383424e-01
-3.783885669285755871e-01
-1.000000000000000000e+00
-8.002641705388984228e-01
3.835980354752789867e-01
-2.974219891897555978e-03
6.650782069582178435e-01
1.000000000000000000e+00
