1.844750657276110484e-02
-7.254097078967332024e-01
6.247032644650981625e-01
-5.433010237512470031e-01
9.299556587518327255e-01
-3.206069089273230199e-01
4.083010360156597573e-01
-1.271805701276054468e-01
-1.000000000000000000e+00
8.472670693938966213e-01
7.025115428318640109e-01
8.819899076264861026e-01
-6.087706227905682610e-01
2.701648327139152261e-01
2.256626261913979303e-01
-8.987752462017843946e-01
-3.935000739625169608e-01
4.715794542140480661e-02
7.216510651967390499e-01
-3.591640378379176712e-01
8.019231579375180052e-02
3.194661892346526422e-01
9.212560051828250218e-01
-6.298001102215071700e-01
-9.943893824241756274e-01
2.469250227742538217e-01
9.682337010608979000e-01
4.814236690837372379e-01
6.262403117155679322e-01
-7.322486312367811889e-01
-4.073109824339805618e-01
-3.849153315685650556e-01
4.319516974270664056e-01
9.689323262230911116e-01
7.206908850277478074e-01
4.714014242437907232e-01
-4.888167705856943934e-01
-9.969536051287577472e-01
-1.786916680014944414e-01
-9.745049819093292154e-01
3.175464823976072506e-03
4.413047522100924103e-01
-4.151211715966267313e-03
1.419180686576034522e-01
5.297223619021568936e-02
-3.594646679748142448e-01
9.864150408192671193e-01
-5.582876408151771219e-01
1.282088889111939189e-01
2.753667853375639241e-01
-8.844458817662441685e-01
1.463712761162970499e-01
-3.840641039941832258e-01
-5.892214650261555775e-01
-3.161095941026157430e-01
-4.084403036062695946e-01
-5.085386718235773706e-01
9.361596558222631259e-01
8.760265256751773588e-01
6.381537562626650173e-01
2.775525141133949325e-01
3.434233140683763952e-01
9.903582907659991275e-02
-3.766493060169950891e-01
-5.020841967433764541e-01
-3.477184185923528070e-01
1.000000000000000000e+00
-4.733948834611558798e-01
-9.467320552939727518e-01
-3.754450285873667248e-01
-4.356065315648815495e-01
-7.307722351286800588e-01
-1.519832324863682194e-01
2.373093702744755451e-01
4.958393493405610086e-01
7.316741045339008043e-01
9.862117705576141091e-01
6.297481781600059447e-01
-1.326475050170584369e-01
-3.592141537972866061e-01
-2.855495181193368204e-01
3.844677163826125676e-01
9.515034036559638642e-01
8.955970877476672198e-01
-1.961218943530594894e-01
-1.430369685648790745e-01
3.747349361754693242e-01
1.574398390047024310e-01
-4.821951811542423694e-01
1.974433612992528841e-01
7.637144796236317035e-01
7.864502864353040135e-02
-3.623459329311352617e-01
-7.419454300728798302e-01
-5.182646808462547661e-01
-1.601426743046812373e-01
6.534492339239713621e-01
2.635125845128429845e-01
-3.268484768204117930e-01
-7.791979458651048240e-01
-3.190986133492488414e-02
7.043076349329471242e-01
-6.013333670162051003e-01
2.557260757450536409e-02
-1.774217242184070731e-01
-1.235031250162374472e-04
-5.202584621575654378e-01
-3.058388782221867497e-01
1.867018434664009102e-02
-1.000000000000000000e+00
4.580457070085744986e-01
-2.705771466688933757e-01
5.208341097190614111e-01
-3.989189988983607438e-01
-4.222790989663699479e-01
9.684985678294475431e-01
4.391500402005890646e-01
-4.165927243142104608e-01
4.543322845081161909e-01
8.646547667013819716e-01
2.130695388539621538e-01
2.563264013890451665e-01
5.936729749188601746e-01
-8.282063450276988537e-01
2.264222577255067537e-01
6.969404023609523380e-01
8.117194079306738752e-01
9.687376779718990250e-01
-5.526314460130039574e-01
-3.040017791221144572e-01
2.481887450871952949e-01
5.871344281502151041e-01
5.738222840866737950e-01
8.326538397477112330e-02
-5.668721873076383311e-01
-5.248748995130132489e-01
6.148539756823694358e-01
4.771865375925428698e-01
-6.161858168216581833e-01
6.521605803421046677e-01
-9.743627843713573711e-01
-3.620688556064945163e-02
3.395139160262762856e-01
-7.935407368667953820e-01
8.156021622949699568e-01
6.728789757141802053e-01
6.576357882448644609e-01
8.869670982937694070e-01
9.027006380898883187e-01
-5.676108137909097184e-01
-7.702332009608370278e-01
1.702632081664989527e-01
-6.528472122316523185e-01
-4.761271845143884018e-01
-1.138238314251001221e-01
3.261207547377328875e-01
-6.401492599290388441e-02
-1.026835076797453505e-01
-8.644889285842504156e-01
5.189214159494703882e-01
-4.464308338419775701e-01
1.000000000000000000e+00
1.000000000000000000e+00
1.842849967894974461e-01
-7.582090782423696051e-01
8.892515620191390191e-01
8.576476666846208907e-01
5.812311322385953494e-01
-9.192448975012368351e-01
-1.074762167257432288e-01
-2.112071893725385452e-03
-1.044789346174497813e-01
-1.803445215008934177e-01
-9.017778544382785144e-01
4.600018018300404132e-01
-4.255463539153873098e-01
-7.653564680037433510e-01
-5.558129090535705030e-01
5.993842390299651823e-01
-6.513985042667066461e-01
-2.469509384874328528e-02
5.347416397002112687e-01
6.611087005204089317e-01
2.264723127819561754e-01
-3.350745627849120445e-01
7.277455259702469981e-01
-7.876834789898924383e-01
1.673281197476055859e-01
-1.227071418279479520e-02
-5.894273151496809415e-01
4.011172640849774429e-01
-3.659082595829400986e-01
-7.945840777617854678e-02
8.310984811442980735e-01
-1.071816221188539170e-01
9.238776395358468951e-01
6.939925252039265136e-01
-4.375125958611767452e-01
5.495724460955019319e-01
-5.223488573325482109e-01
4.855169788764472361e-01
4.000069991342347087e-01
4.444087347738762128e-01
8.692294590376811181e-01
2.496749156155953220e-01
7.202843762168157360e-01
-2.407677926519861122e-01
2.176455837665105392e-02
5.921751706402896831e-01
-2.913167787748983661e-01
7.139788341854893527e-01
5.796033401654745454e-01
-5.540262527081795119e-01
5.229400463315921899e-01
9.183332031044899590e-01
-6.617553953950454648e-01
3.637657288371885511e-01
5.949877221368878866e-01
-5.105616332915872135e-01
-7.997519660693728216e-01
-2.408122754475726934e-01
-3.762743599441706888e-01
-1.883818056741268232e-01
9.690359887434990549e-01
-8.945434646247460431e-02
-9.978758488344117161e-01
-3.474853550141978054e-01
7.268861762137333038e-01
3.146561013501805726e-01
-2.122493018015782912e-02
-1.846906856117316864e-01
3.525184094972410032e-01
2.847652290669364650e-01
-9.000151566793533897e-01
-9.183811173648245285e-01
-7.758497504463468530e-01
3.955673112222061749e-01
3.390678365718973741e-01
-4.325120029736302663e-02
-1.106953115105242941e-01
-5.648185369433086356e-01
3.686743313809575096e-01
2.913356077185916826e-01
3.631305426461669539e-01
-5.161412504934018847e-02
1.216498083103599026e-01
-8.795372566911195955e-01
-1.257491725648480774e-01
3.174390480488981092e-01
-4.077289298181844268e-01
1.274598326908855106e-01
-9.170987221059320182e-01
1.000000000000000000e+00
5.123724947064016710e-01
1.769257220423676724e-01
-4.412649585767409732e-01
5.740354153700919504e-01
6.219520902044972654e-01
7.040177575614466887e-01
-6.908332098167271340e-01
1.000000000000000000e+00
8.077959198464809698e-03
-5.046089197489034284e-01
-7.499904181078190235e-02
8.142517642867054539e-02
