-6.910939898849549623e-01
4.310622287967460498e-01
6.073586787223183014e-01
6.051757497538222674e-01
2.504122205521244759e-01
-2.932066985458030017e-01
6.761685807374775981e-02
-7.116605542730434220e-01
-6.375088543558159460e-01
1.748375068224982676e-01
1.618467648991336327e-01
4.639536846826962657e-01
-4.192238876630937083e-01
8.426315363263904290e-01
-1.699450294345974943e-01
-6.077519571804863574e-01
5.047789686177931445e-01
8.905904087974149119e-01
-3.123959651047986119e-01
-3.758180059256322481e-01
8.845400767063748004e-01
-2.611627247094664983e-01
4.988356217369305790e-01
-7.289914114741513629e-01
2.225028285102126913e-01
-4.634088621671904051e-01
-9.108831355348521175e-01
8.405495011320464060e-01
-8.866324784646010260e-01
-4.180460157027892087e-01
8.608860386653116592e-01
6.670105342442481655e-01
1.344196039233165330e-01
2.599265021726170355e-01
3.335153599488889231e-01
-3.259197301383655043e-01
2.927514461730028050e-01
-2.237897638946164114e-01
7.261431183686871682e-01
-2.300667207099260092e-01
-1.000000000000000000e+00
-1.790170981471490841e-01
-4.977417064485294973e-01
-8.934857946979125609e-01
1.406386403400873841e-01
-7.862175129541753016e-01
-1.902848341963480072e-01
9.211840720018493744e-01
-4.457687746886122571e-01
-9.235764177221256199e-01
5.893896198196681840e-02
6.014425019318564436e-01
1.373494940101981782e-03
-2.005155059732894873e-01
-1.716066732040994469e-01
4.812210074111781255e-01
-3.888810241555166747e-01
-1.368120368107353102e-01
-7.111012876031568286e-01
-9.355922329599543064e-01
-2.439326820569622661e-02
8.624067934971274552e-02
2.509050076523812178e-01
5.391277335763904333e-01
5.208010184620900374e-01
1.457911158827116804e-01
-4.504264570174316695e-01
1.068226572812916580e-01
2.010236979117950296e-01
-6.502311146133405995e-01
1.659386461315462760e-02
9.466923599845979975e-01
7.450786795943531438e-01
-4.368679024456676441e-01
4.997861225006662855e-01
-7.760656110028371080e-01
-9.259684546391792059e-01
-7.865903495433423931e-01
-2.776772233426322289e-01
-4.352903636452162273e-01
-6.106454713745178564e-01
2.068077399128259719e-01
7.212320301090410224e-01
-8.758038338829806646e-01
-5.326974355592700716e-01
5.907290920960143188e-01
-5.914248618058357554e-01
-7.298277467471268043e-01
6.704818428649893525e-01
6.811378877329350434e-01
-1.785281071078239357e-01
3.793096530172052616e-01
2.724082507753632365e-01
3.101376980143817907e-01
3.510813961257704396e-01
3.621880671930247098e-01
-1.282653420915693954e-01
-7.001639966208297317e-01
-2.087651777970004896e-01
3.252696398906030906e-01
-1.557033940862871321e-03
5.652671744334031301e-02
3.464592793006500415e-02
-7.222875431733465357e-01
-1.700034619045540651e-01
8.788375041701560475e-01
-6.297102630869922946e-01
-4.794062691033698642e-01
-5.933980798239955057e-01
4.911515747161543377e-01
-6.486584344292646298e-01
-4.864144482577110185e-01
-1.772780499229832940e-01
3.866616981859952173e-01
-4.802293545044869494e-01
-3.463718756244481001e-01
5.030221231409679472e-01
6.553585151481546855e-01
6.686941363802320071e-01
2.284993953576983788e-02
8.118460836750462928e-01
4.088110638700558908e-01
-6.516601958322419952e-01
-9.966270573632534102e-01
-1.205308527921087752e-01
4.985834160936555848e-01
-8.997533194671303303e-01
-7.460807354957913473e-01
4.047111661226009405e-01
3.482700488720455456e-01
4.941883796683627095e-01
4.067607154929590574e-01
5.861656101345020797e-01
8.117627156509065189e-01
2.245721089646770530e-01
6.736072284429398538e-01
-6.250088453126818600e-01
-6.812179303641289208e-01
6.568979730252104687e-01
-2.285645619412469687e-01
-8.990953647479031918e-01
-3.963750840200954695e-01
4.837243739884339866e-01
6.777376383735959908e-02
-2.720591180459231914e-02
9.682340405384205484e-01
2.225959466919648633e-01
-6.142770177425920242e-01
-2.399372414144163301e-01
5.462977574083459631e-01
-9.591647820004822744e-01
4.969546789228538874e-01
-1.587298638265622064e-01
-4.766168222409777888e-01
-1.944067181050845028e-01
-9.117385901374157609e-01
6.591036806836795270e-01
8.070476038119279716e-01
4.469737049821115860e-01
4.508632342876094795e-02
-8.312998121648099703e-01
5.935564179450089073e-01
-3.577637869987466690e-01
-4.311425245824790364e-01
5.986041282778558070e-01
1.087350371894580670e-01
-6.553877271808925542e-01
-6.532755375342398363e-01
5.358390238201570233e-01
6.584560375261336862e-01
3.925509430340657913e-01
-9.519504952237582973e-01
7.110207764712602740e-01
-7.303435662103460180e-01
3.464078039971371648e-01
1.572657621592790933e-01
-7.985125301103718209e-01
3.479161746917761727e-02
8.484111770154179055e-01
1.637968707326510065e-01
-4.377055061230164523e-01
3.955015443207422488e-01
9.006279948271433966e-01
2.610694528576567031e-01
-6.917688047763509429e-01
8.800115615997977647e-01
7.565476532189761016e-01
1.361278381994830700e-01
-3.335687720951283630e-01
-7.062383764554908128e-01
5.139160530577133734e-01
1.183446191411205717e-01
-4.466051413830255390e-01
4.040043315272491276e-01
9.958613253681106170e-02
8.145618461917892850e-01
7.463818710025504899e-01
8.116349471217104705e-02
5.665865114104950973e-01
-6.305400483907040998e-01
-9.285890537646939169e-01
-6.393109966462293681e-01
-6.886863738323574236e-01
-4.988563987528028543e-01
-8.205248625664118833e-01
-3.049758884501611589e-01
8.205848477917718764e-01
-2.046486920048894709e-01
5.531995630862833468e-02
-9.979642327221965870e-02
-4.951888915276425607e-01
2.036934976120396978e-01
9.001037260869967360e-01
3.686294287265093339e-02
-7.477925176786823780e-01
-8.701162645287388031e-01
-3.772187256626813312e-01
7.054964764029453272e-01
3.612033135349637485e-03
2.606098553493418346e-01
-4.391713179020129143e-01
-2.567195890960085602e-01
2.999348266666330143e-01
3.449812772453080822e-01
-2.256727763147479970e-01
-3.264365455139986993e-01
-5.540228854443014495e-01
2.424981783348275355e-01
2.633956808802216387e-01
2.343043696435612860e-02
5.420881192502271517e-01
7.351312350557533959e-01
-8.200911989946036984e-01
6.448680586442854246e-01
4.652575848710505113e-01
8.644667916912875949e-01
4.880180220432249749e-01
-5.676607529577454292e-01
-4.826637547037092996e-02
9.905658013759265357e-01
-4.332049793133993520e-01
-7.606613959089814081e-01
5.838981973474450804e-01
5.748947899374253767e-01
-4.124783153824125304e-01
-9.128096583030231859e-01
9.512855856439073055e-01
5.891695990254600668e-01
-3.916266544560224050e-01
9.073549363160827719e-01
-1.788340689391691996e-01
-3.843911190342524375e-01
-1.081153247040442245e-01
-1.129862356901437381e-01
9.029936042329167467e-01
3.921384841492989715e-01
4.766733299438064564e-01
-5.032663638338994438e-01
8.838253565439724291e-01
9.636088131425855074e-01
7.376117069882882626e-01
-7.026530449967977043e-01
-6.099085141694705892e-02
-5.559447331888619503e-01
-1.000000000000000000e+00
