

gen best mean std
0 30.010963 -4.202141 5.860441
0 46.759179 -2.367051 8.308551
1 46.759179 -1.70235 9.221879
2 46.759179 -0.172602 10.092539
3 46.759179 1.308663 11.589671
4 46.759179 1.902885 12.025352
5 46.759179 3.258965 12.238416
6 46.759179 5.195586 13.244725
7 48.304497 6.978711 13.247271
8 48.304497 8.313069 13.497384
9 48.304497 10.154813 13.700305
10 48.304497 11.730567 12.908386
11 48.304497 12.296284 13.039966
12 53.215837 14.061364 12.994099
13 53.215837 15.187062 12.304549
14 53.962706 16.704373 12.452157
15 60.841627 17.937042 11.928375
16 60.841627 18.253445 11.986914
17 60.841627 19.44408 12.280579
18 60.841627 20.526317 11.649709
19 65.09028 19.887128 12.438512
20 65.09028 21.108178 11.427585
21 65.09028 21.647429 12.448418
22 65.09028 21.678385 12.555335
23 65.09028 21.915751 12.760327
24 65.09028 21.983912 13.304473
25 67.554909 23.234499 11.960079
26 67.554909 22.522345 13.190198
27 77.328594 23.013133 13.624856
28 77.328594 23.710601 13.725261
29 77.328594 24.351317 13.152073
30 77.328594 25.150375 12.783616
31 77.328594 24.705089 12.816733
32 77.328594 25.046549 14.107462
33 77.824462 25.805995 13.188698
34 77.824462 26.483176 13.454354
35 77.824462 28.234604 12.187676
36 77.824462 28.618652 13.137576
37 77.824462 28.690313 13.853875
38 77.824462 29.375845 13.5129
39 77.824462 30.832431 14.168052
40 77.824462 30.444266 14.197346
41 77.824462 31.595312 15.06113
42 77.824462 32.070206 15.533857
43 77.824462 33.033428 14.411187
44 84.967615 34.039704 14.80288
45 86.263583 34.657188 14.727166
46 86.263583 35.266394 14.886729
47 86.263583 34.431396 15.395231
48 86.263583 35.544788 15.533622
49 86.263583 35.998336 15.455156
50 86.263583 38.087241 14.067874
51 86.263583 37.498214 15.743692
52 86.263583 37.971811 15.478324
53 91.741045 38.491889 15.623733
54 91.741045 39.207251 15.833667
55 91.741045 40.015328 14.846495
56 91.741045 39.282218 17.622783
57 91.741045 38.937703 16.193301
58 91.741045 41.21132 16.223379
59 91.741045 40.643252 16.09303
60 91.741045 42.034836 16.932165
61 91.741045 40.410969 17.156101
62 91.741045 41.337431 16.963607
63 91.741045 43.438323 16.873135
64 91.741045 44.360055 16.507594
65 92.513326 45.006812 17.361151
66 92.513326 43.588202 18.103107
67 92.513326 43.979023 18.066745
68 92.513326 43.226843 17.571524
69 92.513326 43.595958 18.853985
70 92.513326 43.908005 18.959887
71 92.513326 44.518798 18.198784
72 92.513326 43.962822 17.180468
73 92.513326 43.335625 17.438997
74 92.513326 43.742634 18.061759
75 92.513326 45.101844 17.817025
76 92.513326 43.18901 19.725704
77 92.513326 43.64778 19.339265
78 92.513326 43.710696 19.312853
79 92.513326 43.685243 18.950935
80 92.513326 45.195314 17.910176
81 92.513326 44.904326 19.903237
82 92.513326 44.523821 19.170838
83 92.513326 44.48164 19.793977
84 92.513326 45.302272 19.58102
85 92.513326 46.273562 19.813731
86 92.513326 44.823954 20.69526
87 92.513326 47.135586 20.714903
88 92.513326 47.439083 20.28312
89 92.513326 48.429233 20.661223
90 92.536937 50.04951 20.221904
91 92.536937 48.398021 20.6014
92 92.536937 47.94132 21.786209
93 92.536937 48.137597 22.140869
94 92.536937 47.832366 23.422815
95 92.536937 46.906162 23.870558
96 92.536937 48.786332 22.698069
97 92.536937 48.988323 23.180774
98 92.536937 49.012207 23.412212
99 92.536937 47.933741 22.920619
100 92.536937 49.57682 23.58687
101 92.536937 50.000952 23.154971
102 92.558364 48.262748 23.936064
103 92.558364 47.724503 24.727822
104 92.558364 47.389415 23.795701
105 92.558364 48.411915 22.942052
106 92.572907 46.800797 23.761223
107 92.572907 47.30212 22.657954
108 92.572907 47.327739 22.966917
109 92.572907 47.409826 23.209946
110 92.572907 48.373663 22.153614
111 92.572907 47.842237 23.709896
112 92.572907 49.005146 22.229976
113 92.584788 49.476151 22.167935
114 92.584788 47.354038 22.22864
115 92.584788 47.850237 21.35573
116 92.584788 45.61398 23.138985
117 92.584788 47.034167 21.766983
118 92.584788 49.754373 21.187965
119 92.584788 47.759849 21.559607
120 92.584788 48.83802 21.03538
121 92.584788 46.703938 22.100196
122 92.584788 48.762256 21.354137
123 92.584788 47.019538 20.822749
124 92.584788 47.520176 21.096496
125 92.584788 48.958992 19.152697
126 92.584788 47.185602 21.288898
127 92.584788 47.330335 21.883033
128 92.584788 46.519914 21.94122
129 92.584788 47.104064 21.288086
130 92.584788 48.495442 20.38198
131 92.584788 48.113785 21.813037
132 92.584788 49.795756 20.76251
133 92.584788 49.819826 20.19723
134 92.584788 51.464639 19.914745
135 92.584788 52.665696 19.682588
136 92.584788 49.331383 20.618218
137 92.584788 49.384874 20.066972
138 92.584788 50.920899 20.093176
139 92.584788 50.6284 19.274571
140 92.584788 54.456864 19.707123
141 92.584788 51.538403 21.898579
142 92.584788 50.965726 21.798439
143 92.584788 49.225474 22.150032
144 92.584788 49.886786 22.103273
145 92.584788 49.091668 21.890919
146 92.584788 46.505627 23.380789
147 92.584788 46.334141 24.460852
148 92.584788 46.726425 24.254596
149 92.584788 45.575918 23.239437
150 92.584788 47.049786 23.780767
151 92.584788 45.316306 24.587604
152 92.584788 44.88221 24.566566
153 92.584788 43.765735 25.925123
154 92.584788 42.757513 25.598015
155 92.584788 43.914073 24.89428
156 92.584788 41.943835 24.858228
157 92.584788 43.657207 24.809888
158 92.584788 45.091228 23.076434
159 92.584788 46.958909 22.549065
160 92.584788 47.56366 21.123783
161 92.584788 49.977048 20.708311
162 92.584788 49.631443 20.595204
163 92.584788 50.45409 20.405595
164 92.584788 49.599207 21.115061
165 92.584788 50.19602 19.913757
166 92.584788 50.22829 21.23537
167 92.584788 51.356538 20.995204
168 92.584788 52.273833 20.459407
169 92.584788 53.172618 20.367986
170 92.584788 55.020822 20.277604
171 92.584788 53.037039 20.371568
172 92.584788 52.938817 21.074449
173 92.584788 53.666543 19.424652
174 92.584788 54.895059 18.997367
175 92.584788 54.71572 19.851802
176 92.584788 54.793057 19.415124
177 92.584788 55.684235 20.075614
178 92.584788 54.151202 21.144294
179 92.584788 54.383291 20.169961
180 92.584788 54.957021 19.294668
181 92.584788 53.971643 20.757929
182 92.584788 53.933205 20.230718
183 92.586096 54.873834 21.585756
184 92.586096 54.612937 20.500838
185 92.586096 54.991206 19.630205
186 92.586096 55.718179 20.266855
187 92.586096 53.840274 21.290191
188 92.607635 52.703189 23.193917
189 92.607635 52.391051 20.988894
190 92.607635 54.229426 22.654967
191 92.607635 51.545747 23.042718
192 92.607635 52.025019 23.050385
193 92.607635 49.385664 23.040767
194 92.607635 48.630232 23.94516
195 92.607635 50.438973 22.662979
196 92.607635 48.91279 23.349593
197 92.607635 48.241436 24.411452
198 92.607635 48.031735 25.251844
199 92.607635 48.349216 23.47619
200 92.607635 50.574678 23.464045
201 92.607635 49.428796 22.608322
202 92.607635 49.181264 21.499695
203 92.607635 49.718039 21.417892
204 92.607635 52.07888 20.683236
205 92.607635 53.974228 20.485617
206 92.607635 50.490854 21.44856
207 92.607635 48.305513 20.829874
208 92.607635 48.679237 20.656267
209 92.607635 50.00222 20.965441
210 92.607635 52.570414 19.307302
211 92.607635 50.593294 21.128806
212 92.607635 51.217628 20.890679
213 92.607635 50.171465 21.542823
214 92.607635 51.614331 20.906163
215 92.607635 51.989615 19.574871
216 92.607635 53.254096 20.276684
217 92.607635 53.858801 20.252974
218 92.607635 53.041719 20.716202
219 92.607635 52.882523 22.425395
220 92.607635 55.164347 20.834616
221 92.607635 52.924855 21.915119
222 92.607635 51.652757 21.329246
223 92.607635 50.664205 23.00432
224 92.607635 52.866365 22.534704
225 92.607635 52.875402 22.473528
226 92.607635 50.316037 22.535498
227 92.607635 51.435767 22.566558
228 92.607635 49.543763 23.397676
229 92.607635 50.6738 22.773374
230 92.607635 51.417835 22.242414
231 92.607635 50.315842 22.274692
232 92.607635 51.801878 20.918037
233 92.607635 51.052665 21.189812
234 92.607635 50.864166 22.792896
235 92.607635 52.067931 21.265799
236 92.607635 50.03915 21.534572
237 92.607635 50.506368 20.605266
238 92.607635 52.136988 22.035241
239 92.607635 50.998823 21.960167
240 92.607635 51.566193 22.59516
241 92.607635 50.19873 22.475068
242 92.607635 49.959952 23.879268
243 92.607635 47.318952 22.212492
244 92.607635 48.487629 23.024276
245 92.607635 49.445397 24.080299
246 92.607635 48.150295 23.273029
247 92.607635 47.183517 24.22086
248 92.607635 47.38394 23.469576
249 92.607635 45.971558 22.759612
250 92.607635 47.711889 22.985117
251 92.607635 46.810048 23.03816
252 92.607635 47.551513 23.550973
253 92.607635 48.449376 22.419344
254 92.607635 46.111614 23.256244
255 92.607635 47.70201 23.754684
256 92.607635 47.225005 23.513765
257 92.607635 45.831937 23.486802
258 92.607635 45.69955 24.608682
259 92.607635 46.363537 23.695744
260 92.607635 47.17144 23.35934
261 92.607635 46.79312 24.011089
262 92.607635 47.393781 23.951311
263 92.607635 48.991983 23.781875
264 92.607635 47.337638 23.166534
265 92.607635 50.414682 23.397421
266 92.607635 48.424366 22.794495
267 92.607635 50.333165 22.065383
268 92.607635 50.857442 21.982642
269 92.607635 51.550694 22.006699
270 92.607635 52.806563 22.238057
271 92.607635 51.258273 22.334547
272 92.607635 52.335721 21.693428
273 92.607635 52.008473 22.573113
274 92.607635 52.504536 22.11998
275 92.607635 55.312494 21.517345
276 92.607635 54.681665 22.747661
277 92.607635 54.362761 22.410694
278 92.607635 55.239616 21.384586
279 92.607635 54.881817 21.681507
280 92.607635 56.72164 21.650199
281 92.607635 57.577577 21.195085
282 92.607635 55.758869 21.413636
283 92.638944 57.518591 21.112297
284 92.638944 57.830582 21.91158
285 92.638944 59.957163 21.797757
286 92.638944 58.386861 22.524691
287 92.638944 58.50265 21.198214
288 92.638944 58.715051 21.317244
289 92.638944 58.664476 20.858988
290 92.638944 58.175515 20.996478
291 92.638944 57.948981 20.782741
292 92.638944 57.216948 20.730092
293 92.638944 57.014264 19.967078
294 92.638944 57.55389 19.816366
295 92.638944 58.539073 19.77756
296 92.638944 56.695282 19.575557
297 92.638944 56.857303 19.920351
298 92.638944 55.395467 19.665233
299 92.638944 57.342683 19.875378
300 92.638944 58.343984 19.854239
301 92.638944 58.10214 19.802637
302 92.638944 57.777113 19.812661
303 92.638944 56.945321 20.279186
304 92.638944 58.068131 19.830038
305 92.638944 60.217752 18.939293
306 92.638944 59.564525 20.213707
307 92.638944 60.5618 20.902215
308 92.638944 60.384182 21.184577
309 92.638944 61.316454 20.610678
310 92.638944 63.357594 20.919983
311 92.638944 61.509705 20.398549
312 92.638944 62.488653 21.161336
313 92.638944 60.722043 21.352928
314 92.638944 60.519865 21.600939
315 92.638944 61.986758 21.508767
316 92.638944 63.237018 21.025186
317 92.638944 61.736031 21.930909
318 92.638944 62.273588 21.385697
319 92.638944 61.77921 21.311256
320 92.638944 63.759877 22.306122
321 92.638944 63.89011 22.526949
322 92.638944 63.755426 22.543008
323 92.638944 64.174521 22.499011
324 92.638944 64.176836 22.930844
325 92.638944 67.029283 21.901311
326 92.638944 66.470097 22.658749
327 92.638944 66.760465 23.364389
328 92.638944 68.194589 22.964659
329 92.638944 66.878699 24.107494
330 92.638944 68.106524 23.429728
331 92.638944 67.601163 23.655018
332 92.638944 68.741763 23.33822
333 92.638944 69.82819 23.735776
334 92.638944 69.317995 23.797764
335 92.638944 68.99679 23.063964
336 92.638944 69.037326 23.744019
337 92.638944 69.857179 23.509777
338 92.638944 68.849289 24.021506
339 92.638944 66.150511 24.905127
340 92.638944 69.681419 23.521567
341 92.638944 69.009982 24.311854
342 92.638944 67.445346 24.771902
343 92.638944 69.460118 24.979309
344 92.638944 70.650188 24.267641
345 92.638944 70.951438 24.077067
346 92.638944 68.944949 25.046443
347 92.638944 67.637954 25.02083
348 92.638944 68.09828 24.514056
349 92.638944 66.192615 26.034892
350 92.638944 67.564892 24.598145
351 92.638944 69.477327 23.825882
352 92.638944 69.901049 24.429629
353 92.638944 70.633134 23.988928
354 92.638944 70.387554 24.371303
355 92.638944 72.642161 23.819001
356 92.638944 71.803897 23.9233
357 92.638944 72.477898 24.264953
358 92.638944 71.525861 24.19343
359 92.638944 71.472426 24.448223
360 92.638944 71.532234 23.79019
361 92.638944 71.077216 24.031828
362 92.638944 71.760981 23.957266
363 92.638944 71.5279 24.184909
364 92.638944 70.28774 25.264094
365 92.638944 70.942996 24.065349
366 92.638944 69.465821 24.533411
367 92.638944 69.212644 24.347432
368 92.638944 68.019212 24.380778
369 92.638944 66.959875 24.521061
370 92.638944 68.585987 24.353387
371 92.638944 70.102343 23.914646
372 92.638944 67.806349 23.873356
373 92.638944 67.695316 23.381578
374 92.638944 66.95259 23.727277
375 92.638944 67.544958 22.88195
376 92.638944 67.378117 23.683406
377 92.638944 68.233489 23.498596
378 92.638944 67.787043 23.524672
379 92.638944 67.800473 24.001496
380 92.638944 68.111266 23.380201
381 92.638944 67.122554 24.338182
382 92.638944 67.350742 24.157523
383 92.638944 66.935407 24.485458
384 92.638944 66.303768 24.446239
385 92.638944 68.012762 24.289718
386 92.638944 67.258446 24.586162
387 92.638944 67.256267 24.202324
388 92.638944 67.362972 24.216835
389 92.638944 67.738698 23.864959
390 92.638944 69.407353 23.288607
391 92.638944 67.116533 24.422845
392 92.638944 66.764533 23.565791
393 92.638944 67.488133 23.990794
394 92.638944 68.616034 22.741167
395 92.638944 70.616973 22.39518
396 92.638944 70.471389 22.399884
397 92.638944 67.986146 23.398213
398 92.638944 68.712861 23.50641
399 92.638944 70.131377 23.882337
400 92.638944 71.897368 22.522849
401 92.638944 72.040452 22.802317
402 92.638944 71.207209 23.249249
403 92.638944 70.799476 23.589731
404 92.638944 70.30792 24.003903
405 92.638944 71.021051 23.729021
406 92.638944 71.289619 23.702849
407 92.638944 71.357135 24.612576
408 92.638944 72.541064 24.301645
409 92.638944 72.387813 24.436959
410 92.638944 73.213964 23.746312
411 92.638944 72.430546 24.194738
412 92.638944 71.903413 23.973545
413 92.638944 72.824462 23.773019
414 92.638944 71.44856 23.96054
415 92.638944 71.510989 23.454139
416 92.638944 72.222581 23.075673
417 92.638944 70.840578 23.150592
418 92.638944 69.4511 23.527772
419 92.638944 67.704402 23.288726
420 92.638944 68.800074 23.936058
421 92.638944 69.206183 23.79583
422 92.638944 70.395117 23.623576
423 92.638944 71.256719 23.099135
424 92.638944 69.731416 24.316576
425 92.638944 71.63119 23.011593
426 92.638944 71.94661 24.152037
427 92.638944 73.672703 23.235812
428 92.638944 71.676232 24.20552
429 92.638944 69.193725 24.966992
430 92.638944 70.004145 23.722023
431 92.638944 67.902704 24.577602
432 92.638944 69.337795 24.961606
433 92.638944 69.217316 25.062886
434 92.638944 69.10077 25.089907
435 92.638944 71.859143 24.04424
436 92.638944 71.786504 23.684891
437 92.638944 71.561135 24.075735
438 92.638944 71.309321 23.696235
439 92.638944 70.416116 24.016949
440 92.638944 72.540594 23.689602
441 92.638944 72.753986 23.249165
442 92.638944 72.331981 22.692406
443 92.638944 70.270798 23.727324
444 92.638944 70.967075 23.089427
445 92.638944 72.907045 21.968104
446 92.638944 72.819274 23.164105
447 92.638944 71.981891 23.145996
448 92.638944 70.998812 23.775432
449 92.638944 70.642438 23.232565
450 92.638944 74.534884 21.936383
451 92.638944 74.412948 22.820966
452 92.638944 75.851151 22.905008
453 92.638944 77.454457 22.351724
454 92.638944 78.233483 22.650215
455 92.638944 77.954539 22.375586
456 92.638944 78.5664 22.096625
457 92.638944 78.162495 21.896696
458 92.638944 80.298227 21.034827
459 92.638944 78.592682 22.343769
460 92.638944 80.817736 20.429803
461 92.638944 80.584827 20.889404
462 92.638944 78.314202 22.330533
463 92.638944 78.760381 21.777122
464 92.638944 79.949838 20.72909
465 92.638944 80.086078 20.587334
466 92.638944 78.009233 22.231578
467 92.638944 78.081165 21.990934
468 92.638944 78.014084 23.02129
469 92.638944 77.965583 22.629351
470 92.638944 81.056342 21.233864
471 92.638944 81.029591 21.391526
472 92.638944 80.651237 22.026868
473 92.638944 79.867096 22.571861
474 92.638944 80.823846 22.080154
475 92.638944 80.278091 21.959197
476 92.638944 81.717886 21.410471
477 92.638944 82.608283 20.8653
478 92.638944 81.661624 21.479267
479 92.638944 81.932586 20.916299
480 92.638944 83.993068 19.081091
481 92.638944 82.676088 21.012107
482 92.638944 81.940866 21.57057
483 92.638944 81.622802 21.865088
484 92.638944 83.033305 20.270648
485 92.638944 84.842709 18.050684
486 92.638944 84.523417 19.118803
487 92.638944 85.045217 18.853545
488 92.638944 82.567796 21.205539
489 92.638944 81.580885 21.434469
490 92.638944 82.069745 20.560108
491 92.638944 82.188219 21.230377
492 92.638944 81.485268 21.752357
493 92.638944 81.37812 21.688109
494 92.638944 81.771734 21.392821
495 92.638944 80.849352 22.097101
496 92.638944 84.285948 19.305524
497 92.638944 83.439389 20.123349
498 92.638944 84.068985 19.300405
499 92.638944 84.191333 19.788902
500 92.638944 84.132894 19.372369
501 92.638944 85.235943 18.75408
502 92.638944 86.257347 17.964865
503 92.638944 84.483089 19.353417
504 92.638944 83.317916 20.756549
505 92.638944 83.640723 19.574649
506 92.638944 82.523645 20.946524
507 92.638944 81.383222 22.150273
508 92.638944 83.341385 20.532321
509 92.638944 82.438695 21.191817
510 92.638944 83.951226 19.121074
511 92.638944 82.525276 20.932558
512 92.638944 81.185162 22.384264
513 92.638944 81.756916 22.215365
514 92.638944 80.727596 22.01106
515 92.638944 80.664474 21.327676
516 92.638944 81.027583 22.034829
517 92.638944 81.111317 22.048606
518 92.638944 80.884088 21.974249
519 92.638944 78.731857 23.55447
520 92.638944 81.678389 21.35642
521 92.638944 82.235602 21.003109
522 92.638944 80.839084 22.664398
523 92.638944 80.839135 22.156814
524 92.638944 80.933353 22.060356
525 92.638944 82.782278 20.39034
526 92.638944 82.341712 21.037118
527 92.638944 82.184721 21.389897
528 92.638944 82.357948 20.922085
529 92.638944 82.421633 20.635485
530 92.638944 84.772262 18.291292
531 92.638944 83.919298 19.965327
532 92.638944 83.35115 20.745444
533 92.638944 84.440606 19.583812
534 92.638944 83.911701 20.221839
535 92.638944 86.428767 17.065153
536 92.638944 84.23877 19.863863
537 92.638944 82.583282 21.595105
538 92.638944 83.771929 20.705364
539 92.638944 85.696275 18.11573
540 92.638944 86.936216 16.661888
541 92.638944 85.696126 18.308818
542 92.638944 84.75997 19.466345
543 92.638944 86.809356 17.027747
544 92.638944 84.483676 19.735072
545 92.638944 84.869206 18.898075
546 92.638944 84.062712 20.076107
547 92.638944 83.866889 20.299321
548 92.638944 83.206742 21.207308
549 92.638944 81.565778 22.75402
550 92.638944 84.023564 19.618571
551 92.638944 84.399359 19.292725
552 92.638944 84.455027 19.502412
553 92.638944 84.645755 19.836676
554 92.638944 84.956378 19.34756
555 92.638944 84.306832 19.686175
556 92.638944 83.470971 20.5907
557 92.638944 81.742071 22.10338
558 92.638944 83.041636 20.932512
559 92.638944 84.283041 20.192962
560 92.638944 85.02256 19.133133
561 92.638944 85.087159 19.287318
562 92.638944 85.712536 18.196264
563 92.638944 84.946766 19.518228
564 92.638944 83.436624 21.06198
565 92.638944 82.857593 20.920133
566 92.638944 82.696495 21.213683
567 92.638944 82.691969 20.809744
568 92.638944 82.134961 21.831262
569 92.638944 82.556766 21.098428
570 92.638944 82.734761 20.472534
571 92.638944 82.550458 21.161844
572 92.638944 80.646533 22.633663
573 92.638944 81.936493 21.438647
574 92.638944 82.119637 21.482578
575 92.638944 83.510274 19.608416
576 92.638944 84.290387 19.757835
577 92.638944 84.246377 20.117151
578 92.638944 83.23023 20.87515
579 92.638944 83.281518 20.580892
580 92.638944 86.308159 16.87286
581 92.638944 84.789444 19.592486
582 92.638944 85.264677 19.146223
583 92.638944 84.989892 19.31011
584 92.638944 84.449124 19.903434
585 92.638944 86.081357 17.524422
586 92.638944 83.410593 20.546521
587 92.638944 83.644069 20.578375
588 92.638944 84.048582 20.373164
589 92.638944 84.926857 19.116629
590 92.638944 83.820206 20.389337
591 92.638944 83.708623 20.415868
592 92.638944 83.122834 21.168748
593 92.638944 84.157436 19.923716
594 92.638944 85.084926 19.207848
595 92.638944 85.321448 18.269003
596 92.638944 84.002553 20.159868
597 92.638944 83.429044 20.873136
598 92.638944 83.894527 20.493066
599 92.638944 85.218315 19.328518
600 92.638944 86.10799 17.707291
601 92.638944 83.551798 20.944053
602 92.638944 84.237466 20.471315
603 92.638944 85.020372 19.552579
604 92.638944 83.826081 20.561675
605 92.638944 85.260367 19.001229
606 92.638944 86.650535 17.773489
607 92.638944 86.5853 17.564477
608 92.638944 85.027198 19.251565
609 92.638944 84.144127 20.167198
610 92.638944 86.095671 17.15379
611 92.638944 85.803458 18.380024
612 92.638944 86.194772 17.554252
613 92.638944 86.348026 17.794405
614 92.638944 83.63595 21.049919
615 92.638944 84.820612 19.21532
616 92.638944 83.734423 20.586546
617 92.638944 84.953224 19.307683
618 92.638944 83.691662 20.792933
619 92.638944 84.239359 19.91955
620 92.638944 84.76991 19.048634
621 92.638944 85.46413 18.937242
622 92.638944 82.914288 21.706428
623 92.638944 84.696323 19.873039
624 92.638944 84.912329 19.652859
625 92.638944 85.8277 18.04963
626 92.638944 83.58412 20.733293
627 92.638944 84.553987 19.960493
628 92.638944 84.898821 19.526508
629 92.638944 83.745508 20.814446
630 92.638944 84.680547 19.20023
631 92.638944 85.838153 18.402525
632 92.638944 85.656541 18.745868
633 92.638944 83.852626 20.757931
634 92.638944 84.77786 19.336547
635 92.638944 84.700977 19.160988
636 92.638944 84.929157 19.644654
637 92.638944 86.851618 17.262593
638 92.638944 85.23 19.213435
639 92.638944 83.870213 20.770127
640 92.638944 85.247441 18.66921
641 92.638944 84.393561 19.701949
642 92.638944 83.860144 20.482198
643 92.638944 85.084007 18.836713
644 92.638944 83.715038 20.317747
645 92.638944 85.085894 18.64414
646 92.638944 85.574144 18.708586
647 92.638944 85.408232 18.603515
648 92.638944 85.554545 18.619868
649 92.638944 84.696856 19.591516
650 92.638944 85.109732 18.949072
651 92.638944 86.087338 18.321574
652 92.638944 83.198428 21.624256
653 92.638944 82.912766 21.349148
654 92.638944 82.836786 21.31517
655 92.638944 83.64643 20.233686
656 92.638944 83.223476 21.48359
657 92.638944 83.565548 20.501309
658 92.638944 83.760325 20.355791
659 92.638944 84.82393 19.281386
660 92.638944 85.794962 18.290696
661 92.638944 84.423392 19.95971
662 92.638944 85.121252 19.063418
663 92.638944 85.252044 19.455521
664 92.638944 85.629542 18.703271
665 92.638944 85.584937 18.464086
666 92.638944 85.059186 19.268563
667 92.638944 85.529222 18.871344
668 92.638944 85.514052 18.795254
669 92.638944 84.737364 19.734743
670 92.638944 86.076139 17.719979
671 92.638944 85.355407 18.940278
672 92.638944 86.234447 17.803797
673 92.638944 84.646932 19.569667
674 92.638944 84.43322 19.953509
675 92.638944 86.911371 16.944954
676 92.638944 86.808569 17.446087
677 92.638944 86.101045 18.244661
678 92.638944 87.509293 16.233235
679 92.638944 85.719628 18.833701
680 92.638944 85.904656 18.186581
681 92.638944 85.642505 18.937601
682 92.638944 86.536282 17.835986
683 92.638944 85.566497 19.178832
684 92.638944 85.556325 18.710692
685 92.638944 86.204881 17.52236
686 92.638944 86.142737 17.809688
687 92.638944 84.878785 19.845619
688 92.638944 85.009643 19.413712
689 92.638944 84.129681 20.442912
690 92.638944 86.382066 17.518311
691 92.638944 85.796048 18.838703
692 92.638944 86.207146 17.949327
693 92.638944 84.557111 19.964635
694 92.638944 84.420791 19.99312
695 92.638944 84.379901 19.514627
696 92.638944 86.843639 17.016652
697 92.638944 86.608797 17.562351
698 92.638944 85.054001 19.951274
699 92.638944 84.817377 19.625385
700 92.638944 86.103905 17.358371
701 92.638944 86.084221 18.055668
702 92.638944 84.689081 20.1256
703 92.638944 83.93309 20.560193
704 92.638944 85.065306 19.377074
705 92.638944 87.239122 16.355376
706 92.638944 85.838672 18.532604
707 92.638944 85.703568 18.84363
708 92.638944 86.058825 18.539513
709 92.638944 85.098902 19.030372
710 92.638944 86.696768 17.046788
711 92.638944 85.241253 18.992886
712 92.638944 85.689103 18.703163
713 92.638944 85.027613 19.617241
714 92.638944 83.598452 21.398752
715 92.638944 86.133446 17.634499
716 92.638944 87.372396 16.765679
717 92.638944 85.312689 19.769673
718 92.638944 86.227333 18.14024
719 92.638944 85.183482 19.439215
720 92.638944 85.659565 18.542957
721 92.638944 85.932403 18.447479
722 92.638944 85.516057 19.087203
723 92.638944 86.352099 17.852332
724 92.638944 86.434354 18.075284
725 92.638944 86.325231 17.825665
726 92.638944 84.290612 20.583567
727 92.638944 85.33856 19.350038
728 92.638944 86.544141 17.774703
729 92.638944 85.910631 18.605564
730 92.638944 87.218695 16.644054
731 92.638944 85.454251 19.109178
732 92.638944 85.078243 19.613769
733 92.638944 86.776053 17.433237
734 92.638944 86.975553 17.185565
735 92.638944 88.987247 14.003465
736 92.638944 85.913352 18.720061
737 92.638944 87.352465 16.939462
738 92.638944 86.379086 18.155319
739 92.638944 85.28278 19.651632
740 92.638944 86.346331 17.596194
741 92.638944 86.802389 17.173891
742 92.638944 87.555896 16.488592
743 92.638944 84.825543 20.168746
744 92.638944 85.506166 18.991576
745 92.638944 87.648117 15.851804
746 92.638944 88.363241 15.260648
747 92.638944 87.196496 16.694145
748 92.638944 86.701682 17.796785
749 92.638944 85.488519 19.288459
750 92.638944 87.40403 16.128679
751 92.638944 86.95255 17.58405
752 92.638944 86.188751 18.327633
753 92.638944 86.4186 18.19611
754 92.638944 86.90606 17.217286
755 92.638944 88.131707 15.080556
756 92.638944 87.243599 17.062647
757 92.638944 86.785849 17.665228
758 92.638944 86.939902 17.571813
759 92.638944 85.917699 18.713283
760 92.638944 87.635283 16.069439
761 92.638944 86.560461 17.759243
762 92.638944 88.226115 15.641258
763 92.638944 87.323169 17.020395
764 92.638944 87.451493 16.647028
765 92.638944 88.047883 15.582207
766 92.638944 86.081637 18.621947
767 92.638944 87.025099 17.454806
768 92.638944 86.229687 18.520803
769 92.638944 86.318663 18.692152
770 92.638944 87.990514 15.61901
771 92.638944 85.213723 19.47989
772 92.638944 86.398864 18.054485
773 92.638944 87.084354 16.82316
774 92.638944 87.268546 16.87042
775 92.638944 88.96429 13.507083
776 92.638944 86.594261 17.657805
777 92.638944 87.238164 16.853067
778 92.638944 87.522756 16.782915
779 92.638944 86.860525 17.754181
780 92.638944 90.271853 11.086353
781 92.638944 88.51389 15.069972
782 92.638944 87.67819 16.414349
783 92.638944 88.913822 14.070067
784 92.638944 88.40339 15.315243
785 92.638944 89.707197 12.18535
786 92.638944 88.479974 15.038095
787 92.638944 86.018177 18.524534
788 92.638944 86.49155 17.975849
789 92.638944 86.157144 18.333906
790 92.638944 88.060626 15.279736
791 92.638944 88.303882 15.43917
792 92.638944 85.622498 18.99333
793 92.638944 86.651437 17.428315
794 92.638944 87.028626 17.253446
795 92.638944 88.965541 13.63377
796 92.638944 86.374891 18.37062
797 92.638944 85.893773 19.095933
798 92.638944 86.800076 17.44255
799 92.638944 85.150693 19.988503
800 92.638944 86.146053 17.88626
801 92.638944 87.048461 17.240661
802 92.638944 86.579407 17.880421
803 92.638944 84.966101 19.954129
804 92.638944 85.839977 18.124879
805 92.638944 88.136221 15.299681
806 92.638944 87.854314 16.420805
807 92.638944 87.194773 17.478447
808 92.638944 87.272076 16.752825
809 92.638944 87.246594 16.668236
810 92.638944 88.677196 14.27803
811 92.638944 86.83602 17.772241
812 92.638944 87.19363 17.151463
813 92.638944 87.364256 17.177983
814 92.638944 87.081977 17.552781
815 92.638944 89.538064 12.586127
816 92.638944 87.718784 16.620729
817 92.638944 87.426751 17.163064
818 92.638944 88.359375 15.71719
819 92.638944 87.513422 16.648169
820 92.638944 88.532194 14.400107
821 92.638944 86.9559 17.58525
822 92.638944 88.211801 14.954864
823 92.638944 87.987287 15.655418
824 92.638944 88.114045 15.569439
825 92.638944 89.176346 13.852185
826 92.638944 88.016713 16.191193
827 92.638944 88.026018 15.98057
828 92.638944 88.419634 15.616937
829 92.638944 86.60219 18.359305
830 92.638944 88.837073 14.028984
831 92.638944 86.406907 18.075307
832 92.638944 85.474254 19.557404
833 92.638944 86.718026 17.716632
834 92.638944 86.54733 17.945108
835 92.638944 87.927664 15.584308
836 92.638944 87.231951 17.413671
837 92.638944 88.942495 14.23499
838 92.638944 87.796243 16.176243
839 92.638944 86.868772 17.836231
840 92.638944 88.571778 14.852629
841 92.638944 87.164484 17.46823
842 92.638944 88.860142 14.186722
843 92.638944 88.61784 14.754895
844 92.638944 86.915658 17.947358
845 92.638944 88.973369 13.984344
846 92.638944 89.350364 13.437142
847 92.638944 89.498977 13.783428
848 92.638944 89.050409 14.122794
849 92.638944 88.253418 15.406196
850 92.638944 89.274037 13.581752
851 92.638944 88.905292 14.702572
852 92.638944 87.972219 16.049771
853 92.638944 87.637464 16.580928
854 92.638944 87.49691 17.0208
855 92.638944 87.852386 15.790021
856 92.638944 89.155765 14.038119
857 92.638944 87.24288 17.039611
858 92.638944 86.719638 17.719674
859 92.638944 87.455412 17.036286
860 92.638944 89.385914 12.845648
861 92.638944 88.604535 14.8704
862 92.638944 86.869049 17.946309
863 92.638944 89.308609 13.979619
864 92.638944 88.580669 14.943107
865 92.638944 88.343694 15.246328
866 92.638944 87.830529 15.673329
867 92.638944 88.394 15.353759
868 92.638944 87.773548 16.336773
869 92.638944 88.147459 16.34605
870 92.638944 90.250261 11.480182
871 92.638944 88.7335 14.481468
872 92.638944 87.587829 16.854131
873 92.638944 89.545164 13.432791
874 92.638944 89.384214 13.432013
875 92.638944 90.456146 10.941791
876 92.638944 88.149516 16.141587
877 92.638944 87.859846 16.496211
878 92.638944 88.081598 15.990244
879 92.638944 88.517549 15.153823
880 92.638944 88.849658 14.410359
881 92.638944 88.676381 14.930197
882 92.638944 89.002404 14.121198
883 92.638944 88.028973 16.069473
884 92.638944 86.945564 17.734409
885 92.638944 89.591844 12.874113
886 92.638944 88.337234 15.866696
887 92.638944 88.136719 15.879962
888 92.638944 88.252622 15.799584
889 92.638944 88.656908 14.890146
890 92.638944 90.976745 9.539861
891 92.638944 88.384905 15.446984
892 92.638944 88.801464 14.883592
893 92.638944 87.933281 16.111747
894 92.638944 87.751193 16.776869
895 92.638944 89.871032 12.381744
896 92.638944 88.105615 16.010108
897 92.638944 90.211257 11.875229
898 92.638944 88.506719 15.276729
899 92.638944 87.153627 17.427787
900 92.638944 88.034075 15.518234
901 92.638944 88.385493 15.878259
902 92.638944 86.869155 17.439172
903 92.638944 86.026014 18.885039
904 92.638944 86.787093 17.726235
905 92.638944 89.16063 13.274583
906 92.638944 89.284171 13.941925
907 92.638944 89.745117 12.825537
908 92.638944 88.236373 15.956268
909 92.638944 89.876088 12.644434
910 92.638944 90.398496 11.218854
911 92.638944 88.682421 15.048983
912 92.638944 88.489434 15.811829
913 92.638944 88.384976 15.496722
914 92.638944 88.901767 14.430769
915 92.638944 90.369309 11.170812
916 92.638944 88.355405 16.094632
917 92.638944 89.084027 15.050527
918 92.638944 88.967061 14.580968
919 92.638944 89.345966 13.948958
920 92.638944 89.921835 12.102616
921 92.638944 89.606859 13.458133
922 92.638944 88.904683 14.585779
923 92.638944 88.524434 15.506702
924 92.638944 89.513696 13.095539
925 92.638944 90.320688 11.403414
926 92.638944 88.936053 14.56283
927 92.638944 89.033054 14.46558
928 92.638944 88.475577 15.445122
929 92.638944 88.416822 15.574309
930 92.638944 90.716164 10.282345
931 92.638944 89.184487 14.353971
932 92.638944 88.94113 14.594666
933 92.638944 88.42302 15.468142
934 92.638944 88.979196 14.865427
935 92.638944 90.421056 11.004035
936 92.638944 88.830155 14.949182
937 92.638944 89.681255 13.408438
938 92.638944 88.701739 15.205729
939 92.638944 89.223316 13.924596
940 92.638944 89.517507 12.945729
941 92.638944 89.001573 14.442461
942 92.638944 88.654734 14.983962
943 92.638944 89.935545 12.782248
944 92.638944 88.423087 15.51356
945 92.638944 88.427347 15.015015
946 92.638944 87.76145 16.977257
947 92.638944 87.845231 16.509937
948 92.638944 87.903802 16.48833
949 92.638944 87.952629 16.468948
950 92.638944 89.091496 13.558245
951 92.638944 89.654083 13.135754
952 92.638944 88.539406 15.540564
953 92.638944 90.131465 12.360699
954 92.638944 88.900126 14.597655
955 92.638944 89.200907 13.580051
956 92.638944 87.964405 16.500243
957 92.638944 88.310586 15.775105
958 92.638944 89.12739 14.396154
959 92.638944 89.488729 13.926066
960 92.638944 90.623182 10.569755
961 92.638944 89.229042 14.209399
962 92.638944 89.131573 14.129843
963 92.638944 88.507331 15.497434
964 92.638944 88.695517 14.835611
965 92.638944 90.001349 12.124702
966 92.638944 88.624565 15.456017
967 92.638944 89.436285 13.703822
968 92.638944 89.301809 14.181852
969 92.638944 88.470403 15.460148
970 92.638944 91.371211 7.958485
971 92.638944 89.914995 12.610097
972 92.638944 89.792042 12.689906
973 92.638944 89.670679 13.041563
974 92.638944 90.44563 11.554728
975 92.638944 91.299546 8.658505
976 92.638944 89.268674 14.187012
977 92.638944 88.966371 14.477363
978 92.638944 89.868104 12.473238
979 92.638944 89.912761 12.799849
980 92.638944 90.880016 10.034446
981 92.638944 88.929156 14.420371
982 92.638944 88.742208 14.869779
983 92.638944 88.678499 14.783144
984 92.638944 88.587703 15.017261
985 92.638944 90.503722 11.08898
986 92.638944 89.558999 13.62181
987 92.638944 89.003687 14.607697
988 92.638944 88.934014 14.760486
989 92.638944 88.304463 15.6017
990 92.638944 91.261301 8.368623
991 92.638944 89.865526 12.789483
992 92.638944 89.013924 14.19243
993 92.638944 89.672931 13.225636
994 92.638944 89.341849 13.906127
995 92.638944 90.687768 10.21468
996 92.638944 89.742104 13.112959
997 92.638944 90.056173 12.385942
998 92.638944 90.55425 11.273347
999 92.638944 90.517775 11.447612

gen best mean std
999 92.638944 90.517775 11.447612

gen best mean std
999 92.638944 90.517775 11.447612