-2.123455674615093991e-01
-3.928359985490457729e-01
8.852443610770752147e-02
-1.110217485441304108e-01
6.296592679190954334e-01
-2.705968710216931639e-01
-5.238138073127899252e-01
7.845125494206587335e-01
1.932160693691535036e-01
-8.053598120775561364e-01
9.232061332025106593e-01
6.277771145395277808e-02
6.233816281125968972e-01
-8.637241942243349957e-01
3.596873648122239642e-02
-8.874048085256922569e-01
-5.218904372640492673e-01
1.623899148493204159e-01
9.589264350532349379e-01
-7.468797763999189543e-02
5.357734498449192584e-01
1.000000000000000000e+00
5.569857054343024805e-01
1.000000000000000000e+00
-1.227089119010914275e-01
-1.785939785254842815e-01
-7.186685038357036870e-01
8.989486931789338886e-01
-2.983586790212344186e-01
-6.194592885315032271e-01
7.120121235977338037e-01
1.000000000000000000e+00
-7.334985876722757148e-01
-6.913382151611084936e-01
8.355691536574642031e-01
-5.339128004967862440e-01
-8.075339084110517707e-01
5.200294428355328735e-01
-1.979977037812052920e-01
1.671394380473130992e-01
8.910576084099320893e-01
-7.314058686719514535e-01
-1.938379779352487065e-01
2.431870323846554993e-01
7.359684744373908849e-01
-4.067239269669298274e-01
5.814507859379760557e-01
-9.055149148707456463e-01
8.272726368145391085e-01
9.610846652507080978e-02
-1.016963001951847606e-03
-7.320443598537210717e-01
-1.000000000000000000e+00
-1.713244363790783487e-01
1.000000000000000000e+00
2.355685438249110197e-01
5.346525019163999026e-01
-9.605738022631770123e-01
-7.365027051046340034e-01
-2.824534865166118958e-01
-8.447582559131948665e-01
4.717894675503459534e-01
-8.510512304036997877e-01
9.329643308669378632e-01
1.945786349667495974e-01
-2.896374554851815497e-01
-7.502027089667639981e-01
-3.333740440316927955e-01
9.659928410687793066e-02
-8.967889168679806788e-01
-7.303930056774561586e-02
-7.438375621732186138e-01
-5.311753599672286441e-02
2.150329984941684869e-01
-9.125807002852789340e-01
4.856140552367000929e-01
1.111963243502164245e-01
5.791574685877103335e-01
7.442037872621565242e-01
-2.177941950673203675e-01
7.836751943382803676e-01
-5.813703921126276430e-01
4.288527675761132363e-01
-6.394540254861830197e-02
-7.103223819978424780e-01
-5.687721420990584503e-02
4.944251068364558521e-01
6.541853627590504816e-01
-2.645634958622114508e-01
5.255575942875058137e-01
7.302411480463895099e-01
-1.848928141118273138e-01
6.146799176433663803e-01
-7.233806080159517204e-01
-3.757595310893956375e-01
-7.560250798644444492e-01
2.782301242102432348e-01
1.854229621907272918e-01
5.099996658688562556e-01
1.518571820523837435e-01
-3.139035535535961152e-04
6.022918250301859677e-01
-9.118167434745998445e-01
-1.425531720771341659e-01
7.576900353391516907e-01
7.086823568316600319e-01
7.218325972214759689e-01
-4.819272673666271656e-01
7.072172153718765397e-01
-3.648568435001944277e-01
-3.122440090617631392e-01
-3.536410795018798958e-01
-4.680998938904894491e-01
6.076979676330230840e-01
2.659713369269590677e-01
-7.338117355435321842e-01
-5.354084065652673363e-01
-3.944015294257179338e-01
4.325544925027032250e-01
-6.878096150294810140e-02
6.620243232899112318e-01
-1.957194717894637503e-01
-8.048957289653393965e-04
8.595363454982721807e-01
-8.488769962348291509e-01
1.641770056380895404e-01
9.129533028777565562e-01
-3.454482843750916743e-01
1.068495442562756581e-01
-9.730624639496482375e-01
3.262002569022088294e-01
3.539562236579708587e-01
8.795888491729867420e-01
7.223851081733202451e-01
7.686486915322012781e-01
-6.926702074760808792e-01
4.373823468788845537e-01
9.069086078098358428e-01
6.065650684760276468e-01
4.401661340912120246e-01
-7.952639649884364614e-02
-6.177646930569317130e-01
-3.209855196776290609e-01
-7.510838801581184443e-01
7.945357800330862252e-01
-1.173905490025103915e-01
-8.870027478016806466e-02
-2.440646824859014630e-01
1.141997832460535656e-01
-7.544335476821357744e-01
8.443184397717480305e-01
-6.761219317746535173e-01
-7.023089211155230105e-01
7.421155132489436201e-02
5.716168274628694590e-01
-2.163587362164359068e-02
-9.068956242620012098e-01
-9.677091100909975818e-01
3.343116246696993255e-01
-5.022920277240880971e-01
5.194170146236110064e-01
-2.880716311470321034e-01
9.329503945940366139e-01
2.638121497415640282e-01
4.513070932585506734e-01
-7.802340198770681967e-01
7.505984403077098355e-01
3.327991394959627924e-01
9.535999118602862534e-01
7.209688821873728726e-01
4.964969293795673533e-02
2.462652540856713201e-01
3.264449720932487420e-01
-5.470831602943895811e-02
-1.372480865460170077e-02
3.891546930665739090e-01
2.353167870192785782e-01
-5.823315603153007558e-01
-5.804092387236488015e-01
-1.841533351974477262e-01
-8.710924472062779866e-01
6.578362850438204124e-01
8.521747960839194391e-01
9.607684404684132540e-01
7.834374174674926805e-02
-4.704414685107896066e-01
3.994504266987235486e-01
9.361714891900330127e-02
1.512462133082988214e-01
6.128858294445800325e-01
6.720202050428861762e-01
8.059860773049286609e-01
3.106322769279953877e-01
7.358876016584789403e-02
5.919960385783160639e-01
-7.401635918089778388e-01
-2.767154143115796439e-02
7.528204915597814795e-01
8.976643100254594332e-01
6.706313400082212217e-01
-2.280759471089610635e-02
-7.990803961228859498e-01
-6.005695218058978435e-01
5.021901923665402778e-01
1.749791016502932894e-02
6.652727462339004250e-01
7.699591718845767430e-01
-3.454108496588930710e-01
-7.927241340204839171e-01
7.068392209534531956e-01
2.801891168247182262e-02
5.319471566965658926e-01
1.727796287014409238e-01
-6.632397502877986906e-01
-9.523775120337448774e-01
6.343125576502621765e-01
3.940983573316076960e-01
-9.592098509307374066e-01
7.118970914744934264e-01
1.979521192008916741e-01
-5.566065296357997072e-02
4.355724386518540769e-01
-1.882966334550305876e-01
4.280140701079612753e-01
5.026616075867913480e-01
-4.624800276369608887e-01
9.271103959372136716e-01
5.033101081194942816e-01
1.848349317682568549e-01
-5.929207404191050301e-01
-8.382395725056412950e-01
4.135083736064783522e-01
3.339563469684891373e-01
6.022690437928944762e-01
2.893491639133154436e-01
5.490335371240221418e-01
2.600461174741362513e-01
-3.393332416536041229e-01
-4.640382643426136378e-01
1.857584031500832122e-01
-3.380198663553724558e-01
1.387345618114331769e-01
2.671712352358680542e-01
-3.128363917380209691e-01
2.408331720391301140e-02
-7.701762320287027785e-01
-6.203604298316367505e-01
1.962335431529935725e-01
9.848939321754474063e-02
6.492092373666068505e-01
-8.492848738870266423e-02
-8.147510450154461514e-01
-3.321037147752528562e-02
4.800101171640301367e-01
-9.900975591451306457e-01
6.311042910706372577e-01
2.532476474159484625e-01
-3.818466998422248015e-01
6.164231669806655711e-01
8.842635904163992366e-01
-7.400165282814149537e-01
3.060692925543596066e-01
4.225938126577537535e-01
7.581170110283977914e-01
3.051896583692795262e-01
