-5.523947460449016994e-02
-9.746678393511802874e-01
7.766734333473918062e-01
-8.954935341284928629e-01
-4.007372707624975994e-01
-3.135303215730247395e-01
1.000000000000000000e+00
1.000000000000000000e+00
-4.386810552955621167e-01
1.953272756014261258e-01
1.000000000000000000e+00
7.790909268747223670e-01
6.102918924579137094e-01
6.046371334688956101e-02
-5.942664676213752495e-01
-2.632653292656817468e-01
6.669693600222224017e-01
9.561993189478624755e-01
1.000000000000000000e+00
-1.152530752355447774e+00
-1.000000000000000000e+00
-9.792882444274439990e-01
1.000000000000000000e+00
8.221615638403849680e-01
-7.323463442126056933e-01
-3.853791698518817255e-02
-1.000000000000000000e+00
-7.933736803585600406e-01
-4.138754278365704975e-01
-4.259327895090325167e-01
-9.261034201323359305e-01
8.825178255815473438e-01
1.583495732073272599e-01
-9.000722125477776947e-01
5.223675119548878421e-01
2.844690623895567150e-01
-1.147878682847782050e+00
-6.495314464891028816e-01
-7.154918654431514646e-01
-7.820910387279178533e-01
-8.723683626228873056e-01
9.613578800242957856e-01
2.168416741950774107e-01
-4.063365042738667499e-02
4.475867407508304918e-01
-5.734685168569206848e-01
5.095067956104510909e-01
-1.000000000000000000e+00
2.203524453829608654e-01
-3.441218272407253198e-01
1.351772528223492920e+00
-1.000000000000000000e+00
-1.000000000000000000e+00
-1.000000000000000000e+00
-1.191222267130819246e+00
-8.118954279915594485e-01
-9.548753436525907468e-01
-1.853083298561332415e-01
7.021631644856961285e-02
-4.807931294252769661e-01
1.000000000000000000e+00
-9.690881804438347125e-01
1.000000000000000000e+00
1.567096636460051151e+00
-9.418624007822904431e-01
5.127878320043908200e-01
2.129345943962062671e-01
7.639814024763939004e-01
7.756515764282636560e-01
9.783183986586421188e-01
2.309073104021595879e-01
-1.430562486604842198e-01
1.000000000000000000e+00
-2.915250291083952838e-01
9.139225688208461040e-01
9.102365608974296585e-01
-1.186529364517126428e+00
3.977867382854080591e-02
3.437796537368521532e-01
8.074879211079530883e-01
1.000000000000000000e+00
1.000000000000000000e+00
-1.505410749225319256e+00
4.596662616277701063e-02
2.401369516953779093e-01
-8.317669117186583527e-01
-1.183399574819906236e-01
-1.000000000000000000e+00
-8.667091489905868196e-01
9.875724349407988267e-01
1.463081686211825938e-01
-8.976773679752773072e-01
-7.587770789468177846e-01
5.478340430668181549e-01
9.464700290254098869e-01
-3.326326853977344400e-01
-9.887579380754242253e-01
-6.852994466476360902e-01
9.712107393125123389e-01
-5.050805847511172786e-01
9.403194860155735801e-01
-6.628242289066718640e-02
-1.593804113518981769e-02
1.000000000000000000e+00
-5.990815765942902882e-01
-2.246684158023255079e-02
-4.592194894619389123e-01
-4.184847018429684873e-01
-1.000000000000000000e+00
-1.155178633414742695e+00
-1.000000000000000000e+00
1.258448359235762870e-01
-5.167347674802060808e-01
-2.758035987841372938e-02
-6.381408946817794803e-01
-6.819535119403381529e-01
-4.720041455360656779e-01
1.153209228994351854e+00
1.000000000000000000e+00
-9.046588523909566693e-01
1.879171752981966814e-01
2.323879365754326631e-01
1.000000000000000000e+00
4.855628254167063118e-01
7.468336529227941334e-01
3.430927504579247556e-01
8.086190275679355777e-01
1.572599026982997306e-01
-3.419918011291490090e-01
-6.845123471888832078e-01
1.000000000000000000e+00
-1.760905897338038151e-01
1.864375556428982117e-02
7.573294478456980006e-01
-1.482278786544867777e-01
-1.788324770800929775e+00
-8.604747596364706874e-01
4.304633880482009456e-01
-1.000000000000000000e+00
1.000000000000000000e+00
-9.348600354352217812e-01
-4.101762841967765971e-01
1.000000000000000000e+00
-5.479882400295654765e-02
-1.315270186801646424e-01
9.375760895895477454e-01
-5.170660646680955708e-01
-7.560077186280507178e-01
1.000000000000000000e+00
5.616843526267288889e-01
-9.318597236021242125e-01
1.000000000000000000e+00
1.118716001318928593e-01
-3.811250889692062160e-01
1.000000000000000000e+00
-2.111967056742027615e-01
-5.504757385508687317e-01
-2.645270365358512454e-01
1.000000000000000000e+00
-1.000000000000000000e+00
-4.398852170492545399e-01
-7.234975710371068791e-01
-6.424798215105189669e-01
5.954932966245993775e-01
6.170263198922276704e-01
-1.000000000000000000e+00
-3.688556440968123740e-01
3.734517613463145813e-01
1.000000000000000000e+00
-5.575650354474184223e-01
8.377515132885304805e-01
8.307254838008415465e-02
-4.945799710131517646e-01
-1.119446897872479640e+00
8.540413562041835327e-01
-6.775225462523385422e-01
2.967607882090687599e-01
-5.944447261544465455e-01
9.154889230282831081e-01
-1.000000000000000000e+00
1.000000000000000000e+00
1.000000000000000000e+00
-7.515255970390046780e-01
7.699006595690567334e-01
1.000000000000000000e+00
-9.729825930282480773e-01
9.631371746469675754e-01
-4.430587147125201741e-01
-1.000000000000000000e+00
6.362914493774924907e-01
5.997617120488167863e-01
1.000000000000000000e+00
7.204971063486548255e-01
-4.443524551996330674e-01
1.533080620803010663e-01
-3.599820384813312568e-01
6.806655788222123471e-01
-1.000000000000000000e+00
2.400181135606350158e-01
1.000000000000000000e+00
3.331672374271714698e-01
1.404628293349557411e-01
-8.728935701851806561e-01
1.093320183461488487e-01
-4.258714770185422216e-01
4.498938293988430370e-01
-2.825931619633184066e-01
-2.624509565440138470e-01
1.000000000000000000e+00
1.282060198304711962e-01
-3.824329340619275763e-01
-2.636286339585198757e-01
2.601561310084779532e-01
8.444860598992355305e-01
7.631300951509931707e-01
-2.955426828271622286e-01
8.270688171832530911e-01
-7.717387225831262576e-01
3.793998325439126296e-01
9.843680858766297170e-01
5.808075068990226075e-03
4.034315586426451272e-01
6.112051727607397122e-01
1.000000000000000000e+00
-4.671474062131214522e-01
6.152265973350845574e-02
2.026922669048595860e-01
5.883000781108961574e-02
3.971806267161348547e-02
-6.935063357732913492e-01
-1.000000000000000000e+00
-9.633256336813839082e-01
8.125942220515616210e-01
-7.106650125706207577e-01
-4.442355223081970172e-01
-1.758915768783622102e-01
8.452157258127644957e-01
9.724409955496964297e-01
9.860419456176197084e-01
8.458993024174910058e-01
3.967509521979857845e-01
8.345190188470917869e-01
9.096386767436218102e-02
-2.255148248942875355e-01
-3.694786116587251978e-01
9.001134309327809557e-01
1.830171603686671922e-01
-1.000000000000000000e+00
-1.571294314368255896e-02
1.433518040971242802e-01
6.606634990355484405e-01
1.264178866637554632e+00
1.000000000000000000e+00
-4.917244125433926638e-01
1.577949571544168483e+00
5.220039888619291274e-02
6.190879966244476895e-01
1.249924056615875356e-01
5.357183930230374758e-01
-7.682883258627735135e-01
7.769996010541057041e-01
-3.802284576634719637e-01
-7.611370084682602677e-01
8.020746369265395748e-01
-1.000000000000000000e+00
