5.664441343878804380e-01
-2.888820760407009303e-01
4.856908157814848748e-01
-4.044597607195992706e-01
-4.705102254491059788e-01
-3.898764515395520824e-01
8.927860070318763830e-01
-7.453770579081235859e-01
-8.105512177579051736e-01
-1.000000000000000000e+00
1.332203933716000765e-01
6.490474699412931980e-02
-7.758319538018705330e-01
-2.222254122739920901e-02
-1.000000000000000000e+00
7.153736434673746425e-02
-8.443853488157480047e-01
3.385839001264582815e-01
-7.384159754667745101e-01
-7.798721365997713928e-01
-6.529724139284742712e-01
-4.401451985985477822e-01
1.300712491731883524e-01
6.643684986795432845e-01
1.428192203691537876e-01
-3.051273624382689897e-01
1.566207014781233198e-01
1.002479849677558321e-01
-3.368743142491705256e-01
4.851323882866580561e-01
6.364586818824408132e-01
2.931341839116227144e-01
8.556780738934487429e-01
2.938591837317877098e-01
1.690825568286441483e-01
2.528078061846254498e-01
7.322855558619184579e-01
8.888715189154117180e-01
-6.498780709412541046e-02
-9.439922721266735817e-01
9.116262937027845847e-01
-6.091223868408032205e-01
7.395866609701071681e-01
1.348784733172363193e-01
-6.431211990421963343e-01
8.552280537354535195e-01
-4.302309857763857992e-01
-5.522767935984795873e-02
-7.590674380394923926e-01
-9.086220770355901699e-01
4.870288374916738605e-01
1.312349159538927501e-01
8.427063914410742873e-02
2.355722688877813220e-01
6.120166679288708833e-01
8.804497551389420806e-01
4.958902205511343531e-01
5.870537251955538771e-01
-2.461331999946416715e-01
-4.905188400971087770e-01
-8.753839245444520190e-01
-5.437161470880877978e-01
-1.375871268001550018e-01
-2.725389373014416305e-01
-5.502550137152322218e-01
2.271441008086046431e-01
-8.055288224262364682e-01
3.371271044256142768e-01
3.811564569099977762e-01
-8.979123553685570691e-01
-1.203096547397204535e-01
1.047051402660280073e-01
7.830821072477287537e-01
1.352357353201162904e-01
4.559423813324031682e-01
7.259186835469549903e-01
-4.429073700829134208e-01
5.987168183487916462e-01
-5.390244829713358721e-02
-1.340171414552192020e-01
5.062548884780070368e-01
-3.324897453685232152e-01
-5.034841566712187078e-01
6.012774860196835602e-01
-5.051994817295001328e-01
-4.072580895613194807e-01
-9.776602691127442291e-04
-1.224304956381387088e-01
-7.363033766646813749e-01
4.443457659225170664e-01
3.764578431476692244e-01
-5.032525270704244491e-01
-5.066911006725948186e-01
-1.070037043433565704e-01
-4.028706793505471007e-02
1.883181228204207358e-02
5.849801371794339788e-01
-2.786488500831956205e-01
-3.479282572856527700e-02
2.989438601691929431e-02
5.107510030674095036e-01
2.075132514179846843e-01
4.706844657176120772e-01
1.705642486728429497e-01
7.324865342754725839e-02
2.965453408911573191e-02
6.583693543451668573e-01
-9.257376797501483123e-01
4.952877883647498480e-01
2.725280540750192326e-01
3.072654923813242234e-01
-7.824258821026148780e-01
4.089508667349358584e-01
-7.672979797653813050e-02
6.291757505900973380e-01
-8.155296411339723051e-01
-8.139330464385886588e-01
9.159762916865259452e-01
-6.809689676381428525e-01
7.941274936973796716e-02
-2.438455402591594989e-01
5.139966996140975519e-01
-6.787938618600791729e-01
-8.099280530014045798e-01
3.265858327191329957e-01
-9.293230211352560000e-01
-8.601389831880239534e-01
-4.189898564508625078e-01
1.074803271261130649e-01
-4.443713547741957592e-01
2.046468785903099996e-01
-1.000000000000000000e+00
-1.177271971838392273e-01
-7.675355362339199017e-01
1.783419467116773571e-01
-7.320470396742736474e-01
-5.674577714610593571e-01
-8.167795610090764491e-01
-8.137070224418687658e-01
1.941124453757864521e-01
3.683847627232202937e-01
-1.186338752636973692e-01
-8.572798374961876355e-01
8.302663357817213763e-01
-4.036536353580841840e-01
-6.416331622272435364e-01
-5.740722256664112511e-01
5.126603371915876284e-02
6.979462934152389497e-01
-1.816850850293891817e-01
-7.254118115762706598e-01
7.983817179926040453e-01
-8.363005179188998106e-01
3.878501134044070042e-01
-6.687067675535607325e-01
1.447823952001997261e-01
3.263264888812640874e-01
5.602741475007739780e-01
-3.276088807735444419e-03
6.674886386674692140e-01
-7.465097386727036488e-01
3.648263669294763423e-01
-3.720940328513804296e-01
-3.036743827483092129e-01
2.301768499309200799e-03
4.300159034407299297e-01
-3.752925277150471195e-01
-9.394931489051361329e-01
2.335887947718663926e-01
2.500119889127594419e-01
3.008664324803056456e-01
-1.000000000000000000e+00
-2.459201174095281828e-01
6.050052436813655454e-01
-2.100044222309159214e-01
5.720210251678651270e-01
-2.465068434394979413e-01
-5.349353383723514099e-01
-3.777417635637557169e-01
-3.851268934519599396e-01
-7.658739805673437928e-01
1.000000000000000000e+00
-2.266062094182759168e-01
-4.211124539705376479e-01
-8.860020302149573812e-01
2.987360031113469039e-01
-4.798945168681982842e-01
-3.159307654289822964e-01
-2.990625896256991489e-01
-4.447929767186482169e-02
2.701525470758818770e-01
4.304489421627927248e-01
-6.935617527034575458e-01
6.087335105342071839e-02
-6.827856251135666632e-01
-8.434296631001554356e-01
-6.779739978695821234e-01
2.882072072913890309e-02
7.510526425415966489e-01
-1.000000000000000000e+00
2.194738035458742020e-01
-9.123651534573867794e-01
-4.924131536034029866e-01
-4.544123755868856307e-01
-9.408961558606233899e-02
-5.510448499273884471e-01
-1.407995366114970504e-01
-3.225672817525507274e-01
7.132476813095259827e-01
8.484565750723910282e-02
-9.222627044905440385e-01
-2.500352068700649188e-01
-3.917482460770635444e-02
1.000000000000000000e+00
7.946094080271871585e-01
-5.128290875842906882e-01
3.037608261142899502e-01
5.320795612377737793e-01
-9.021015632585260846e-02
2.508974187355219043e-01
1.555159590108076140e-01
-5.609954903956779759e-01
9.975289635648887376e-01
-1.827023236879627144e-01
1.000000000000000000e+00
-6.404223966367539322e-01
6.326074302586387477e-01
-1.028543746515094282e-01
-1.080483997757544501e-01
-3.100314749734423003e-01
6.808587514561197096e-02
5.601412016143183514e-01
1.470839294026508592e-01
5.593372858223996102e-01
2.157662143281089406e-01
5.466131071795305996e-01
-2.479622808529730604e-01
-6.542906699439459128e-01
2.115915201835486814e-01
5.698729343219228749e-01
8.118247521927721699e-01
-8.401362637346007078e-01
-3.243566793670137338e-01
-2.427382499991750930e-01
4.133257980811277932e-01
-6.701002403356428605e-01
-1.000000000000000000e+00
-7.770616523297652067e-02
-2.797370048274270271e-01
-7.043663863183307061e-01
-6.097608177523496098e-02
1.622803765863070624e-01
5.396600423307712502e-01
9.308490310386994260e-01
-7.141788920408724817e-01
-5.837611386830215965e-01
-9.150808428355856616e-01
5.557399559568755587e-02
5.162585588565336003e-01
8.194884530141650636e-01
-8.954287753845686648e-01
-6.167155385941032186e-01
-4.403869162784975200e-01
-2.417835117748236284e-02
9.198126336704012251e-01
