1.157749221831222142e-01
-5.106931634306561829e-01
8.414418485771103517e-01
7.251133669684955985e-01
-9.557289939149987701e-01
-1.803400028653188991e-01
3.319598593827233768e-01
4.573550757922749121e-01
-3.420086022904193501e-01
9.459777431551431581e-01
-7.458216327982408744e-01
-1.811741858119669535e-01
6.381750157361566478e-01
-6.868867522648086643e-01
-6.537807412030341991e-01
7.159844316836678768e-01
1.000000000000000000e+00
8.406422486296796781e-02
-6.163698116323365062e-01
-3.573519093734636165e-01
7.766703327441177862e-01
8.663337111656077560e-01
1.071408415801899799e-01
9.326222899294083213e-01
-1.572969775738438936e-01
-1.685201069953325137e-01
-8.079851566439137933e-01
3.241788480939927219e-01
-5.834901949367156115e-01
-7.372044155824440947e-01
-8.824907979050852780e-02
4.443457538781769856e-01
4.879553069364837015e-01
1.946128894985254265e-01
-7.907312730736804074e-01
5.694448515388687015e-01
6.290810526229466404e-02
6.812988029038292703e-01
-9.154958177410876807e-01
-5.945887507723973675e-01
-6.357335143695530544e-01
-8.189460426238343027e-01
-6.449551550525567389e-01
2.222646647199934267e-01
1.452499530792667193e-01
-4.578883818652300097e-01
1.226249163319269725e-01
5.634343878994709787e-01
7.186584815149692496e-01
-3.777983526582056606e-01
7.134023884526606851e-01
-5.465606447507896926e-01
-6.286824791629418430e-01
7.369002780732329949e-01
5.470888197707186595e-01
8.669469478248451044e-02
9.844527383020077460e-01
1.255283754986764033e-01
4.203954528649994637e-01
-2.041340718355736106e-01
1.000000000000000000e+00
3.522752656174456543e-01
3.796634544656468657e-01
-6.869470978671273764e-01
-4.424432139995886359e-01
7.112585722846493930e-01
8.753081477463787730e-01
-1.000000000000000000e+00
1.000000000000000000e+00
8.495011879416979328e-01
7.540928597023361935e-01
-4.864195138086165882e-01
4.282930990491487511e-01
3.149792435322346096e-01
-6.114330727752897293e-03
3.920879729423477622e-01
3.657180898292944904e-01
4.050073959562214831e-01
-8.173226896546558207e-01
-1.369954344684747582e-01
-5.285223188645805231e-02
-5.572426621783131973e-01
-5.727452226542174563e-01
-9.450090901601319038e-01
9.012959712389121414e-01
5.234183083746639653e-01
3.527289931063529171e-01
-8.105624290900967921e-01
3.814294465783170107e-01
9.876018415527535455e-01
8.257919811852931780e-01
-8.926758233869218628e-01
-8.857906530635246689e-01
-4.498240022498667945e-01
9.385136188852596373e-01
6.243614490136923934e-01
8.716210589612802817e-01
-6.977513842723904736e-01
-4.140226080807345999e-01
9.658602233842897844e-01
-5.168318003654502890e-01
3.740703438031922068e-01
-2.711161989138187733e-01
-1.000000000000000000e+00
-9.784988173603154094e-01
8.942631009513908324e-01
5.753925918908525672e-01
5.681584644944412954e-01
8.072298151735090022e-01
3.573274268725510350e-01
2.023602188852898498e-01
6.489520796680470216e-03
2.152154467667569959e-01
-3.544148766124463612e-01
-8.430948157245223840e-01
-5.493838358216019957e-01
3.982861982939235879e-01
-8.527835600399433780e-01
9.725975420879731104e-01
-6.714160650933903574e-01
5.507112979584546375e-01
-5.482447057433651461e-01
-5.482177192756956252e-01
-1.191592325622943538e-01
2.885635667612820310e-01
-8.748748204935542505e-01
-5.924424031164771121e-02
-5.203071644683872066e-01
-9.828525724513326178e-02
6.447711031494293143e-01
-5.768591296897046528e-01
2.558705284021433046e-01
3.078116235450954474e-01
-4.861710792840289730e-01
8.961919031747248021e-02
-7.456519897932389895e-01
1.695707127866935005e-01
-6.683020263305892161e-01
-4.343441680977408112e-03
-5.721469100026469468e-01
2.428075121494408517e-01
4.544125677080194659e-01
4.632088705404329709e-01
-3.179999977186053761e-01
-4.307459577724230271e-01
-5.275634727184219663e-01
-3.410463349390066012e-01
1.058089181501485621e-01
6.887394957605570689e-02
1.769333077752486272e-01
-2.155224336730780510e-01
-2.666255167549167471e-01
-6.971037068874090803e-01
2.560726271255883701e-01
-2.716076129002563677e-01
-7.013771648055370234e-01
4.389339620070378256e-01
6.971585161241447004e-01
-9.345304000568341873e-01
-4.378419387761982029e-01
6.457040996866681981e-01
-6.942470396372524277e-01
-4.441704563556385099e-01
6.827708672829789771e-01
7.167424990614797986e-01
-4.465154459937945020e-01
2.418409580124912250e-01
-7.109190494283680328e-01
-4.526493036389070967e-01
5.572272860554088325e-01
-9.152985024379558521e-01
-3.247145097517335488e-01
7.965167425274978230e-01
-1.594867822743945701e-03
-1.836144506118486397e-01
-8.335273748298999141e-01
-4.709732923852805730e-01
-9.298015748824012272e-01
8.422326942991620324e-01
3.088580819373095698e-01
3.375656159152141123e-01
-7.894706195762750678e-01
5.569416650526880508e-01
-7.203463770652426268e-01
4.871106563263551403e-01
8.825595517477821117e-01
8.428558428252292956e-01
-3.053178468888209651e-01
-9.462202030746030834e-01
5.926976182997284459e-01
9.183893189051816064e-01
-7.458233931849406195e-01
-1.089516767281600990e-01
-8.757534397839026319e-01
-8.375604849766968840e-01
1.604166064698647476e-01
8.821123556327953308e-01
4.474885748669609753e-01
-9.367317870605832431e-01
-6.868027142622065151e-01
8.474223256453553565e-01
-7.448882395469426099e-01
3.267890241058438172e-01
-9.113365142612904757e-01
-3.498571829728899796e-01
2.463566156044463273e-01
-5.871596078448497735e-01
-1.030460496680255800e-01
-4.854532499102382492e-01
-7.067300828842441041e-01
-3.631415916228504237e-01
-8.073841282779378181e-01
1.118716390973679697e-01
3.570212597653669162e-01
-6.328206482749663131e-01
-4.531490801378674771e-01
-2.256051598961643090e-01
9.874333661295225939e-03
2.987520007376620046e-01
4.424285606034009666e-01
-3.895378290058588711e-01
1.037580521967688685e-01
8.328375578911203503e-01
-2.719855093867853957e-02
-6.434417569161395845e-01
-4.363024503827080125e-02
7.204896386169103994e-01
9.785787649928734400e-01
-3.136058141980541114e-01
-9.197358463514855309e-01
-8.185682441134458642e-01
7.004753605446568665e-01
6.479840720731320225e-01
-1.199125432955228943e-01
2.565195275991871138e-01
-3.640062052902994227e-01
4.959172618279246159e-01
9.277461520128712502e-01
2.862234709183876236e-01
-3.388569554361789971e-01
-1.000000000000000000e+00
-5.267913516140637631e-01
-6.019419130115387651e-01
5.092777502280529944e-01
4.818324146667343766e-01
9.757508659530181871e-01
3.734360712907291990e-01
9.069279054006078589e-01
6.417958438418447376e-01
7.041366741049991385e-01
-4.092698555290769646e-01
4.107135157819944565e-02
2.957715437804870895e-01
5.799049978428888474e-01
-8.213423890786278880e-01
-7.286911728930898224e-01
-6.658002130956715003e-01
2.465425537919950782e-01
5.505301892108874773e-01
9.060523430135256073e-02
-1.105018347236374349e-02
-4.415528375674170891e-01
8.168516126426634827e-01
4.878697403828797796e-01
-1.161153228038070140e-01
