1.495045164235217494e-01
4.762317664034236286e-01
-8.177380570986971797e-01
7.759097607015964515e-01
-1.624291519399286843e-01
-5.155379597249110102e-01
8.957625810753595541e-01
3.159800493219924733e-01
3.681400262965652259e-01
-2.552860175125612474e-04
7.192744976665834677e-01
7.992664955438544272e-03
3.261284327979701581e-01
6.248809366180078095e-01
7.315185701883263336e-01
7.728182375421193129e-01
1.000000000000000000e+00
-4.009118480332628520e-01
1.449481474395356018e-01
-1.349943062059114629e-01
4.409800259005847156e-01
-5.023256272798415356e-01
8.533520731103659829e-01
6.639673845853989453e-01
-6.778105536907171880e-01
8.998643061884615824e-01
-5.123030278161998241e-02
9.896695433584836721e-01
-1.864007160343603697e-01
7.623736093814101888e-01
8.283552870899676401e-01
-5.015258158134462685e-02
-4.739627686227311232e-01
6.817650273614743739e-01
1.690984225807611319e-01
7.457980045086854970e-01
-1.465063855389370784e-01
-5.982914232183861314e-01
-5.464812554417339818e-01
-4.299903365016267132e-01
4.348909622202144498e-01
2.442122679080371284e-01
9.029056430355615337e-01
7.041802336387348316e-01
3.420457779417727662e-01
-8.784173679326474637e-01
5.237707365655250857e-01
-1.133958896815626394e-01
-2.900917089121438086e-01
-1.808458763375620781e-01
-7.146860567820256804e-01
2.762850041153043223e-01
2.236396127339921325e-01
-4.834777828585027915e-01
4.362746900564887786e-01
3.155765931803148350e-01
1.839703120850998408e-01
-2.284807601352094042e-01
-7.308526873017718861e-01
2.999925445578945082e-02
5.961360465785003893e-01
5.594851536992772045e-01
7.267780931256553334e-01
-2.966144707924780466e-01
-1.099855462126877736e-01
4.031707709880624768e-01
-5.160479900532640718e-01
4.091214145338062935e-01
-3.025278585944292734e-02
2.603783810424576406e-01
8.744540791307946481e-01
-6.685854598898610668e-01
7.571293301921572239e-01
-6.511226102343043998e-01
5.343312647051710051e-01
-6.005454984338095548e-01
-1.236530300075952826e-01
3.060393927472888076e-01
7.070574993343361481e-01
6.905848419569411423e-01
-3.953405802568316085e-01
-1.184676609209033005e-01
-8.739647601440314606e-02
-1.912633247682953008e-02
1.805129814197529159e-01
-6.854418633089675028e-01
-6.773095045092351052e-01
-9.279012969796219812e-01
-1.960921675268289532e-01
5.497916534998319449e-01
8.901652313437410924e-02
-9.369218991189460777e-01
-6.355394533930464052e-02
2.973258226178019936e-01
1.148702407971176342e-02
-3.860772568697690144e-02
4.268970973496289956e-01
8.289196997508896381e-01
8.652167228115581477e-01
-3.858627407927305297e-01
8.096998615572728042e-01
5.209353268159087058e-01
9.281946767657826003e-01
4.499211664922232040e-02
3.513122380499177355e-01
1.059528139311980838e-01
-3.674400055846694935e-01
-2.632567638934554810e-01
-7.930481872938267562e-01
6.478015554393634634e-02
3.651628265095447912e-01
-5.081340351851276749e-01
-7.684487351062807559e-01
1.264727549381690075e-01
9.912830877744326363e-01
-8.440799258510398584e-01
9.097289420681274885e-01
-3.138779946179891533e-01
-3.936996831611522946e-02
7.541669847143361860e-01
7.071857901896938525e-01
6.086100688147649818e-02
-7.309841842773243115e-02
-5.101708874282717687e-01
6.672842258364795054e-01
-9.094954611525899457e-01
-3.382226461406211970e-01
-7.853898597143781357e-01
6.079008143995986435e-01
-7.411250102897751768e-01
-3.870659955272954256e-01
-8.217968271380343692e-01
4.090679215756187065e-03
3.542924031573538857e-01
9.681038921657245111e-02
8.757369317041412415e-01
1.014952876717658964e-01
9.816995519987314900e-01
-3.131735962959726338e-01
3.448379815401709791e-01
-1.256144939260487869e-01
3.701204119174268947e-01
-2.974032825832133575e-01
6.849924273254440754e-01
-4.941096705914554410e-01
-8.585294504204805943e-02
-9.391470147349906261e-02
3.993009645525927853e-01
-1.714520297303941399e-01
1.091816642747800714e-01
3.299171318294784605e-01
-8.280487478851022987e-01
-4.856996649174983860e-01
-6.483591732585192169e-01
6.966013121011125353e-01
2.955575502268241173e-01
-9.501992076354354166e-02
7.268547650539907146e-01
1.000000000000000000e+00
-8.608855072238968953e-01
2.199182924582371024e-01
7.926464085879382226e-01
-6.164347115690355094e-01
-9.100761157763824771e-01
-9.604203233109022131e-01
5.334091806043848027e-01
5.628874977268218949e-01
1.688295829474002058e-02
4.519122777968824223e-01
-3.015354491934532644e-01
-4.224818493967890110e-01
-9.326696999339069150e-01
-6.759550680733770189e-01
-2.640147955758541665e-01
-7.422071018494724726e-01
6.667473402113810454e-01
4.452531760883547407e-01
-1.932156955355044392e-01
2.679671254490685883e-01
-3.804175001004800327e-02
5.395915661416591513e-01
1.000000000000000000e+00
2.201889438351563311e-01
2.827783107380994476e-01
-7.022420366756250143e-01
6.542510926532087989e-01
3.352976171609221012e-01
5.753483005191973865e-01
6.851540946614941285e-01
5.178238405018038559e-01
6.159425283523425332e-01
7.171915529278382051e-01
-9.109973501168218135e-01
-4.916190793658012370e-01
-8.775788854004201722e-02
-5.545201082958793881e-01
-5.047162606915684968e-01
4.688074064039927935e-02
7.654103902558487826e-01
-5.806775997922311028e-01
1.604133805116025185e-02
9.800134595112888758e-02
1.050690537604428293e-01
-1.000000000000000000e+00
7.227796598101096648e-02
-6.962391403830109349e-01
-4.752110619350895515e-01
-1.123638792071071091e-01
5.757484580966876209e-01
8.862874908776451344e-01
8.104369464174162596e-01
7.143354551649458983e-01
5.907712292229859719e-01
1.727238912720674702e-01
6.621392212318581993e-01
-9.342010588726953335e-01
-4.482361588837059374e-01
3.424658957225834577e-01
5.816105271728184700e-01
-4.456257882972921025e-01
-6.506261292400421503e-01
3.637223123018789028e-01
5.862340176048276286e-01
1.058508216457562934e-01
-2.409248052345593361e-01
-4.827418480298859005e-02
6.501290896399507524e-01
9.604127849187552579e-01
6.850904286920432851e-01
-7.220410177844835964e-01
5.896284669764474407e-01
4.907160953895653988e-01
3.324451797069580827e-01
5.770700017838868989e-01
2.714713986965000547e-01
-6.251975245675573944e-01
-1.324993404896402382e-01
2.738886507704337697e-02
-3.210689381941749243e-01
1.216944938917566277e-01
4.326200144260252678e-01
-7.259096245723098417e-02
1.597218778676976619e-02
6.184656701708844961e-01
5.053552200119680871e-01
4.843658200526245183e-01
-4.210081881652960600e-02
-1.470550845455050326e-01
7.158267966659668247e-01
-3.702384149424650106e-01
-2.962131910796738099e-01
-8.508542160306391544e-01
1.000000000000000000e+00
-8.238638406411840087e-01
3.853529508040119678e-02
3.792637611378759099e-01
1.697505651597385756e-01
1.563727150502705887e-01
7.202024354938496575e-02
-6.984748183488361795e-01
-6.700382461279147384e-01
-2.492775238421766903e-01
-1.652678474384251806e-01
6.496475781932803395e-01
-2.443898972204573417e-01
