-5.115968880291242860e-01
-7.243999327620333217e-02
6.061465041443016011e-01
-3.083791465063072668e-01
-5.257758852029277286e-01
2.128300917126420000e-01
-5.074668879396255355e-02
-5.628663905783720667e-01
4.528096722208974079e-02
-3.879319855616301105e-01
4.548076848240981129e-01
-9.728354918249697558e-01
-1.470519894820961904e-01
4.909311421211597082e-02
2.842412264731822291e-02
-4.865090756792947446e-01
-7.389770273051546878e-01
9.631408253047086809e-01
-1.469405736345096580e-01
7.016963113355890735e-01
-7.510714255223437386e-01
4.654307792894989831e-02
-6.607122616884067989e-01
-2.115486510787943086e-01
8.303207653480544626e-02
-5.906992423838223205e-01
-6.937969023156440596e-01
-8.288618195147100520e-01
2.756116697207050548e-01
4.374984224520102050e-01
1.499240018061173407e-01
4.781427860550733766e-01
1.000000000000000000e+00
5.648515221056814584e-01
-3.676397003644935046e-01
4.492005213066801450e-01
4.238343591329884474e-01
2.238349955762835852e-01
9.277551598146964729e-01
-3.701944586926397829e-01
-9.833797564875367270e-01
-6.839046582816923348e-01
-1.000000000000000000e+00
8.871272578530597919e-01
7.818738466616448335e-01
-9.194748583201883818e-01
-8.051786123048083610e-01
-9.139017077320951699e-02
-7.680491524997050679e-01
-7.060619136816329577e-01
-1.609816166310473473e-01
-6.381865588715076587e-01
5.011533441700115610e-01
-6.887804785864863610e-02
9.716269147670664186e-02
6.038526387424062447e-01
-3.492251631927758559e-01
-6.313006882430074462e-01
7.359460293384724183e-01
5.141795927196048804e-02
-4.484280854207069178e-02
-1.194003152701088588e-01
3.571373247998942402e-01
-5.994399639196049678e-01
8.230022969925302467e-01
3.771438841924198981e-02
-9.834066341081927343e-01
-4.920131429757135244e-02
5.671976216389328085e-02
-5.462866837340206727e-01
2.455704451172641967e-01
4.733819210542624667e-01
1.262201436779858965e-01
-4.804881280182509706e-01
5.725076134836853958e-01
-3.566586219378274358e-01
4.386051573482458998e-01
1.662899133261185047e-01
1.554107311459551610e-02
-3.175619481118788223e-01
-4.812788742705034761e-01
-7.838778842521763046e-01
-1.345397396649042621e-01
4.207838115118413547e-01
4.178629895229076241e-01
-9.346645247666005574e-01
8.579994378180655357e-02
3.586834624541007654e-01
-8.188446850052525372e-01
-2.630974188054165386e-01
5.512260888923378177e-01
-3.594251452527746915e-01
6.824236459689085876e-01
4.419947044438168327e-01
4.087956422464025102e-02
7.026732132932442809e-01
-6.452608624553155536e-01
1.000000000000000000e+00
6.832100305793759043e-01
-2.001182295721339321e-01
6.969895318893599701e-01
-1.100068771707897325e-01
-1.721004973662134674e-01
3.646340795918434075e-01
-5.674156029035094528e-01
1.557609613418290961e-01
5.665837722312313529e-01
1.378155566689706346e-01
8.738485797891971940e-03
5.295687497916796715e-01
4.835952513171956069e-01
-9.352491065085272171e-01
-1.000000000000000000e+00
-2.581164550549650549e-01
7.493590924869326653e-01
6.821393647412922201e-01
-3.546701000498729273e-01
2.375916850489354637e-01
7.859634172404782460e-01
-6.640327038512724434e-01
5.354011641377782738e-01
2.796767338812561898e-01
-1.606031765226959562e-01
-9.155128765173854433e-01
3.276195756097978751e-01
3.762603589013049366e-01
5.307493391315681874e-01
2.381842036682720876e-01
8.095149039965975346e-01
-4.995602318928509256e-01
2.670809767630369369e-01
-7.345696213794395968e-01
8.418786661688262840e-02
2.066750524796143185e-01
1.000000000000000000e+00
-9.917537697801155627e-02
2.876131814625608185e-01
2.343639966057849411e-01
-8.279265504344711646e-01
6.201483617051603003e-01
-8.367284491091925291e-02
-2.886260276525554058e-01
2.470861756923902197e-01
8.409491553077749759e-02
-1.000000000000000000e+00
-7.019315657222183757e-01
-6.072252764656135837e-02
2.902591432974763741e-01
-5.334410831271186454e-02
3.349261037786301076e-02
2.550913940017368597e-01
5.264207826095440579e-01
9.983842747049110899e-01
1.605023614093783330e-02
6.402915242662687856e-01
-9.862673983925122068e-01
-7.515638577583884095e-01
8.277838983117464799e-01
-9.228283626190274536e-01
-7.687018128153642882e-02
6.607628043726606615e-01
-7.454347792554459895e-01
-2.812187775845891857e-01
7.223894690724609324e-01
4.979926269022949548e-02
-9.623467576233440957e-01
3.493743716374627661e-01
4.902169021093397139e-02
5.593396256360979590e-01
8.427937182637676994e-01
1.000000000000000000e+00
-4.881405318549453809e-01
-8.748296859643495127e-02
-6.210676745501764184e-01
7.871238219313560214e-02
2.416652096940376526e-01
8.078132905154448151e-01
-5.284702649576601408e-01
-1.000000000000000000e+00
-8.680563262745965014e-01
-3.632498426315938778e-01
-7.996333413371028431e-01
1.076271652575871429e-01
-7.188595924437640727e-01
-1.000000000000000000e+00
-5.407841532609145574e-01
-3.159579119805054903e-01
9.413733743527720188e-01
-3.681645172210805672e-01
-8.025161707692307633e-01
6.625756461006934162e-01
-5.338146924828692796e-01
-9.844959323099753412e-01
7.274627587583307742e-01
-7.119350312277929194e-02
8.212752388751167754e-01
-8.416547922040391594e-01
7.403715442224464427e-01
-8.770433102667697378e-01
-8.502359289896442851e-01
-3.434962060953095642e-01
-6.232858143070870716e-01
1.309449739970934209e-02
5.262532006984683708e-01
-2.651839770014203235e-01
9.711416007327968725e-01
3.525242572431154242e-01
-9.852742556125021478e-01
-2.940189060904649376e-01
-3.301989106650647376e-01
-4.197157884126099248e-01
8.449051682200967583e-01
7.528799233213450126e-01
-4.695948719547140549e-01
-7.968787622890031175e-01
-1.926610295100013026e-01
-7.856552408913886065e-01
-1.876607412833579680e-01
4.486172152459435569e-01
7.712019323523197634e-02
3.642371185808708223e-01
-1.187507738229726661e-01
6.575523303661209851e-02
3.981758990742667037e-01
1.198823596824279136e-01
2.965946437390534762e-01
-2.210689219932970018e-01
3.986493856015496107e-01
9.121265626445360652e-01
5.230512209709345939e-01
-5.724357187128533697e-01
7.363528698144377049e-01
-9.351737171266392146e-01
4.252221832857870920e-01
5.396350938972457323e-01
2.910113957905350879e-01
-9.947636237012370541e-01
2.099959319796722568e-01
4.339924919167575945e-01
-4.177282070244823786e-01
-1.998787514023272482e-01
-7.860576199146994680e-01
-8.713690783057099765e-01
-1.487260785690007747e-01
-3.524759706286106908e-01
-8.979223083379040959e-01
-2.752031456082159599e-01
-2.329767208839022274e-01
-1.334309420709672844e-02
-2.909797406351364857e-01
-2.912914839624874963e-01
4.762094704918949928e-01
1.454943369220758065e-01
7.140059697542771033e-01
7.450178650475859365e-01
2.775931546700719510e-01
-4.557647080461481037e-01
9.637726716233225854e-01
4.250780686323885615e-01
-6.372056433620949811e-02
-2.937352683544526277e-01
-1.171296768398027294e-01
9.672497291097164052e-01
7.752185396803988882e-01
-3.075852998857964149e-01
