8.848890122087432752e-01
-4.792337973968121001e-01
3.316777593760620868e-01
-7.565510022720614014e-01
3.418768670810378718e-01
-3.924191454738329421e-01
-3.805108791564675019e-02
9.986717907968506447e-01
4.074491377157314353e-01
8.058829210573872359e-01
5.074456912187008673e-01
8.346072987226539341e-01
2.055863234372226067e-01
9.384792432475468349e-01
-1.766803811111183065e-01
-9.674242676983106914e-01
4.188158385353349389e-01
8.957752917751446997e-01
-2.522452641153508646e-01
-6.009396119209919895e-01
-5.502185471501459535e-01
-1.540046814467143088e-01
-6.174066912436612098e-01
-6.680645337902874070e-01
1.000000000000000000e+00
-5.819582550820956435e-01
-1.587148133093226332e-01
-7.772281106707010778e-01
9.844403782969818328e-01
2.794745583021574498e-01
-8.375164951925810619e-02
-2.784227996105557157e-01
3.521422417449358855e-02
2.600204986118846984e-01
-7.894261557228084980e-01
-5.536281135879234094e-01
5.779667340248775265e-01
9.829899382674862629e-01
3.688125245068241687e-01
4.539020283421943969e-01
-1.297498184225980844e-01
8.685204037202473026e-01
-6.311151578651034155e-01
5.322760657258701622e-01
-1.528898826625462171e-01
-1.603838467706350801e-01
-4.127027448965382428e-01
7.334041935988377947e-01
8.846172695270410058e-01
3.729821466078685477e-01
9.046271499791012083e-01
-2.628437825759213919e-01
8.843531628107235143e-01
5.845466625203277894e-02
9.276713323220449059e-01
-6.435627169166900918e-01
9.183147613195528081e-01
9.789649164456880603e-01
1.997598925842108408e-01
-7.995478209976136785e-01
1.130256127796736010e-01
8.109301208579198228e-01
4.687240095521104655e-01
-9.923141370328021349e-01
8.233500768460533248e-01
2.095070558886563961e-01
-1.000000000000000000e+00
-2.600370805286755238e-01
3.979192464935880080e-01
9.538432471190886330e-01
-2.554952366761747973e-01
5.451871790317210920e-01
-8.640491570014634526e-01
2.513608560938318526e-01
-9.367080604733541982e-01
6.102474901483420089e-01
1.688799159597109689e-01
2.736205923799441830e-01
-3.884133315266831699e-01
3.530310855097335554e-01
3.650160936533189404e-01
6.885974497698841290e-01
-5.500284537059335621e-02
4.700806905741076180e-01
3.497936731886883838e-02
2.749827604615820431e-01
3.550825914868206423e-01
9.856591539036152483e-01
-1.220365439612227515e-01
1.000000000000000000e+00
9.068975310535629664e-01
4.784639741895703735e-01
3.688706992690261033e-01
2.483338070047944740e-03
1.000000000000000000e+00
5.518222833705533903e-01
-1.228380237519980343e-02
6.374576266531122304e-01
-8.467012091103829352e-01
-5.096920081731779462e-01
1.000000000000000000e+00
3.809016867678484131e-01
-1.250786452225560730e-01
-1.964682698074220746e-01
-9.709084952753996300e-02
-6.663114134496757046e-01
-9.355666297580512714e-01
-9.475546812200058566e-01
6.882432513201560687e-01
8.001814766607130425e-01
2.974312243169043302e-01
-2.142903608572248042e-01
1.000000000000000000e+00
-4.697505411833188815e-01
6.682190099313857212e-01
-4.488011912539123793e-01
-1.000000000000000000e+00
2.301701284814487991e-01
1.605037179069736530e-01
-7.622375423780127779e-01
-8.833985525241703218e-01
1.422167016071294032e-01
-1.337836452347657967e-01
5.906487500572707994e-01
2.783118780846934315e-01
-8.935473561689376565e-01
-4.012285052638624450e-01
-5.661998810112933711e-01
1.960546443476394660e-02
-9.373256478199117891e-01
-8.595477625604981409e-01
4.307861441656165580e-01
1.036859253491726196e-01
7.800447844222327953e-01
5.312238269605322749e-01
1.482868267333693757e-01
-9.096070830506564064e-01
-1.166868907890373508e-01
3.595040410265031294e-01
-8.395740891480657497e-01
7.770980929779697233e-01
4.855258360496646497e-01
-5.132422518268991984e-01
-8.288004278595080265e-01
-7.674034092911926619e-01
-2.876918145154240825e-01
-6.991572357016733186e-01
-9.317980535145351517e-01
8.479516767289039247e-01
-8.108253733191431167e-02
9.396009979269499823e-02
-1.838908932430797782e-01
5.364100471911210644e-01
7.249159022250363238e-01
-2.602460916815176883e-01
5.530219960504499932e-01
6.462771119256071062e-01
8.862923136897444820e-01
9.837707187989327418e-01
-1.002207033218278087e-01
-4.148735629636599032e-02
-5.746996331657001633e-01
-9.207502093044834801e-01
6.075642057835592968e-01
3.836818812541765711e-01
4.882607873902793938e-01
-2.840116378004533398e-02
-4.918970865761116418e-01
-1.156601497953639729e-01
-2.391973862851162758e-01
2.499268704931221774e-01
5.688150061658521217e-01
-5.196631457636949891e-01
5.598408330905282337e-01
4.260610074637189992e-01
-6.619801739500964510e-01
-9.579740384355204252e-01
-1.022951606288036719e-01
7.663515221572905212e-01
2.477430895078696904e-01
6.485939957068761474e-01
7.458089526209676912e-01
-3.898305479715588051e-01
6.222046892173828114e-01
-9.266173807299599163e-01
4.317419863661866586e-01
-3.644564858894671078e-01
-1.451218999176089319e-01
6.245561343721607317e-01
-6.035295302216986402e-01
-9.837841553430349828e-01
4.444772628011527116e-02
2.529912462312060017e-01
3.715706129907396793e-01
6.289839249094314466e-02
-3.290063450919059052e-01
-3.100297718623423737e-01
-2.514827486827066472e-01
1.521809525216743370e-02
3.719957292121363057e-01
-4.196448264565184605e-01
-7.167108419397838492e-02
4.379816586259750455e-01
4.697609733225416306e-01
-9.884065575915094159e-01
-6.331329049004363885e-01
-9.397024436425185367e-01
-5.100369662525112702e-01
6.252856741550814890e-02
5.524831968220331735e-01
-6.440351728969058165e-01
1.804794917522643261e-01
4.960266201269414310e-01
1.849723431783931449e-01
1.690105656110529320e-01
-1.580328316684029011e-01
-3.205424323759746841e-01
-7.227400109019289642e-01
-2.316838485174259332e-01
-1.929849202283521747e-01
-5.966190095845351760e-01
6.593647443913218664e-01
2.510049169805183000e-01
9.653073042091192546e-01
1.743198118800742824e-01
-6.559668443447989050e-01
-3.595468097281689923e-01
5.084775147858981992e-01
-5.277490067205348190e-04
-2.006003987469762856e-02
1.279391361591854237e-01
3.812674075707797594e-02
6.551492788769940345e-01
7.455117851982187016e-01
5.262708991295109162e-02
-5.283971970120364681e-01
-8.202982698541122497e-02
-7.095942529008801847e-01
-3.651039114982667089e-01
-2.484206727168452311e-01
3.717689192834063294e-01
-6.618828005227640476e-01
1.501176239750491581e-01
7.189711226772951269e-01
-1.047633445742639779e-01
-9.477709630595054779e-01
-9.765772305980177093e-01
8.881362987209688864e-01
2.452132716277189983e-01
-8.891378536424091594e-01
2.629473598765022513e-02
-5.919624886149730258e-01
7.872776692444001245e-01
-6.692232090719774096e-01
3.385193008557183525e-01
-2.268182154340412926e-01
-3.569573441625735200e-01
1.000000000000000000e+00
8.578550845511641043e-01
2.599188923823377295e-01
-6.599282418264665884e-01
6.690735706664139304e-01
5.131564992082106313e-02
5.120762052263962971e-01
8.220384371319342520e-01
