2.723812517238517472e-01
1.345765855246727205e-01
2.062678356409701486e-01
-7.475300424103703545e-01
7.129038207222632151e-01
3.536851503854231416e-01
-5.556190856316159943e-01
7.597711349371780720e-01
-9.426382799812782487e-01
-1.000000000000000000e+00
7.190996336895214558e-01
2.846850317525199126e-01
-7.194646008829366779e-03
6.224721469266492058e-01
-9.037507567218265869e-01
-6.435363312977149253e-01
-3.477643209312458739e-01
-2.126188739300342856e-01
-6.574704378347679956e-01
3.238721043482557516e-01
-9.484324891339260821e-01
-4.289458995896110460e-01
2.866830183709803692e-01
-5.393851713205551901e-01
6.985740126521287063e-01
-6.653034512652614696e-01
1.000000000000000000e+00
-5.883660651849291490e-02
-1.960855218964795699e-01
9.111546464826320024e-01
3.856113848380458564e-01
-1.000000000000000000e+00
4.998381298745953050e-01
-7.494977199203521900e-01
-1.000000000000000000e+00
-7.356783171846417169e-01
2.089129479138616963e-01
7.940635803166257167e-04
-2.118579322235140949e-02
5.603437062073769459e-01
-9.091957999601624207e-01
2.540409000003372997e-01
2.738250031386771921e-01
4.968314517776509787e-01
-8.541270145236387057e-01
-2.955451317472439499e-01
5.608435619615672607e-01
-1.000000000000000000e+00
-5.370241689199796165e-01
-9.636898413685122122e-01
-9.364880032655698017e-01
-2.618113425941123729e-01
6.780069855756371000e-01
1.000000000000000000e+00
6.294624729197355606e-01
-2.941025638997152858e-01
-9.610470583128092326e-01
6.903708708615474698e-01
9.004903671241813734e-03
9.036264153633574714e-02
-5.661252812014656577e-01
6.846095032957494331e-01
-3.365019968936731054e-01
-1.637564489766775433e-02
3.834816816023557950e-01
-5.533696988540045547e-01
-4.100443027799482998e-01
5.303413407006820623e-01
-2.637070082981620711e-01
-2.873718402492466684e-01
3.411448453779359347e-01
8.100935254844920941e-01
-6.051453352109206207e-01
9.231677202904040591e-01
-1.876031881682184155e-01
6.080830265801604462e-01
-1.058898010716521204e-01
-1.598594992225959022e-01
3.305555201465349979e-01
-3.837475676085963516e-02
-7.265004481026372529e-01
-8.885204702039587454e-01
6.807068940135859725e-01
1.434268108296650190e-01
5.842754811898426270e-02
1.829790828466177077e-01
5.605185403148782441e-01
7.725857521823606966e-01
-4.370625341224455007e-01
-7.782181959595615428e-01
6.296999023156908404e-01
-1.777004982069123329e-02
-1.787167000798951799e-02
5.200819789413132499e-01
-4.432088736441775478e-01
7.536492205791212040e-01
7.360922747514997422e-01
-3.684402931240584600e-01
-4.990433531711864767e-01
5.625252656408292751e-01
-1.000000000000000000e+00
-8.811242903922851255e-01
4.362571677749483845e-01
-4.735178438745769602e-01
-7.421020925109662603e-01
-1.000000000000000000e+00
-9.647310552198077316e-01
9.537826553975029542e-01
-2.154433379203642418e-01
9.406522074131425937e-01
4.462619626226146941e-01
3.799406150087007022e-02
-9.443307298274700168e-01
2.401114197479891910e-01
-5.979753316852954442e-02
3.139907228005479611e-01
1.897634793171619205e-01
7.536535332213910587e-01
4.065057470877430079e-01
1.837574840201333937e-01
-3.952548104065466972e-01
-7.780534072280866908e-01
3.036264996186228693e-01
-3.188266771265173549e-01
6.163725457458906209e-01
8.965540825663589897e-02
6.329807924495227667e-01
-4.504860324554921802e-01
-5.506786815495324783e-01
-7.304422354038166976e-01
4.720455278673653110e-01
8.841076719400362549e-01
-9.676749778924261802e-01
-1.741156749253538194e-01
-4.900107684930372076e-01
3.596284424530217794e-01
7.084902789478702001e-01
-2.957089955919466884e-01
1.924358106812198987e-02
9.300480295230214578e-01
-6.508417343624406382e-01
-4.190954023833861064e-01
6.337392378977493301e-01
-2.988102947246628061e-01
-7.999002228336463682e-01
9.587355151688120580e-02
1.986372465771631957e-01
4.077867255507290623e-02
6.853195166149646245e-02
-8.650848661196083311e-01
3.428031305859158273e-01
4.751230824995559265e-01
-1.720324223328791036e-01
-1.549767214419977557e-01
4.734532081280111715e-01
8.476867216027615948e-01
6.866961456355389348e-01
-7.406152135436711026e-02
5.292387888644198846e-01
2.985070478544281647e-01
7.852673692801211969e-01
-5.295159044746425847e-01
-1.064246548950826821e-01
-5.828882994272088780e-01
-7.962427370461923060e-01
-7.758662753608273066e-01
7.250902671614968265e-01
5.879865657358884778e-01
6.466263043814781675e-01
6.782191028275192934e-01
-5.033070256250622709e-02
9.297047111889620297e-01
2.013817693425835609e-01
8.997127506577884404e-01
5.946741724026934905e-01
-2.705366740297245332e-01
-8.808359586006306863e-01
7.054342922728238374e-01
-1.892940898458868593e-01
2.356972744543230913e-01
-6.171563725900530706e-01
8.881641160660742607e-01
2.546324104877317751e-01
-6.413572215735913185e-01
-8.014491185873937606e-01
5.596458272967941988e-02
7.469347205227709896e-01
1.045483121041959895e-01
5.335728248154428810e-01
-6.721498354100199357e-01
-2.538792448017093140e-01
-7.448913722015217120e-02
3.415059557814571489e-01
-5.690277884264576258e-01
-5.294992861773035742e-01
8.952725461736974477e-01
1.164423140777643140e-01
-1.471758047987594409e-01
3.564991003654122692e-01
6.317736773282464080e-01
1.724884238703104089e-01
7.796482778750807308e-01
-3.865661534521708798e-01
-3.655999652603502681e-01
5.746988458319270965e-01
1.869853898576732121e-01
2.850842048510843219e-01
-2.671548688396245819e-01
-5.982598888308863216e-01
-1.000000000000000000e+00
-4.455951117439178599e-01
-7.851297060539277339e-01
7.727015990324753725e-01
5.882142380011063931e-01
1.751310794280468430e-01
6.161973023112122805e-01
9.302583143699235668e-01
-9.441989765176475591e-03
9.090175002649457658e-01
9.053525240264569118e-02
8.387303690956587898e-01
1.597027036170753922e-01
-3.583723163144001411e-01
4.698386708291061309e-01
7.131127205658711887e-02
-7.347554775387062920e-01
-5.156923285976157123e-01
2.687756477470483185e-01
1.000000000000000000e+00
2.267155889488720599e-01
-9.001192826867697450e-03
7.911583138371400814e-01
-1.813160682957834502e-02
7.647639850879444090e-01
-9.103675126195478473e-01
3.680981372411733510e-01
-9.534080543054781476e-01
-5.570378906046880019e-01
-9.382462875837527250e-01
-5.697410755272700467e-01
7.737629791300555393e-01
-1.160396244057853854e-01
-2.463743042856568199e-01
1.951839607676224830e-01
-5.270807206640871767e-01
-9.151764524404266687e-01
4.493399410815794304e-01
-5.802556834674981179e-01
6.118649307418324579e-01
4.894117609980328520e-01
-7.940114419718553584e-01
-2.631523712121039971e-01
6.884012352969491877e-01
5.318855356857763450e-01
-6.104820583266422629e-01
4.296776481861436237e-02
-6.764685765042067755e-01
-1.833220546826095920e-01
1.267006081401463313e-01
2.957665814160939655e-01
-6.370461130908594560e-01
7.874835975188028137e-01
6.664105987904168638e-01
9.097035387489139646e-01
8.314943876335511019e-01
