3.660047975207114113e-01
-2.114749684112816330e-01
-6.348450538265795751e-02
6.536592269310861347e-01
-3.648769908123501438e-01
-3.618907112444725849e-01
8.017027342659370781e-01
2.113230742652118244e-01
-5.036185965854612645e-01
1.675902880020403996e-01
5.663629207330639348e-01
-5.527020537856481841e-01
4.458625626883786636e-02
6.291554574884746787e-01
3.346445976698632641e-01
3.478429544151386832e-01
6.304675110015143247e-01
-1.280385617803164733e-03
-8.584741200849366205e-01
3.817708155672590031e-01
-9.318147274978998418e-01
-1.745356208785639185e-01
-6.114959353319991964e-01
-8.727539451301262741e-01
-5.319291194549474744e-02
-6.989930013941285658e-01
5.715643373619226919e-01
6.275966353806800013e-01
1.000000000000000000e+00
-5.475650153466208314e-01
-5.775439174245302620e-01
5.800667592170679621e-01
-5.970074309596160589e-01
-8.247166438999194993e-01
9.519936283080202566e-01
-9.261332467795044820e-01
-1.853108613668102631e-02
6.496204782845808046e-01
4.479327428034451941e-01
1.564978049451785230e-02
-7.132342749944842186e-01
8.654278006441393778e-01
-5.820608716204614952e-01
-4.991808662177881772e-01
1.867960004126124340e-01
7.145345794421658070e-01
3.739179815069427204e-01
2.269481851985480636e-01
3.783608665940321747e-01
-4.082870514681074398e-02
-7.178734777716873072e-01
-7.203877350875824703e-01
5.796838964744293055e-01
1.000000000000000000e+00
-4.963516059210148490e-01
6.873323501972991023e-01
-3.774816351706015288e-02
-7.880849385589735467e-01
9.094972159768215381e-01
6.543927471686835640e-01
9.554816574619547087e-02
-3.384748422890849762e-01
-3.016421105807964298e-01
-3.948797497748018914e-01
-7.340448813700575781e-02
5.588619612654910362e-01
-6.724186377662936254e-01
-5.424024745982833351e-02
3.523821949725045033e-02
1.000000000000000000e+00
-6.671586355690253267e-01
1.050166398716320532e-01
-4.063064751996240398e-01
-6.361913212650599503e-02
2.957605342429838746e-01
-3.995954899469537636e-01
-6.142241793738874023e-01
6.181464675718503221e-01
3.676417477795534405e-01
8.553219344357069209e-01
7.480963055232510150e-01
-6.686480918552597519e-01
-1.476539276926868427e-01
1.316922138572522716e-01
-2.957397599093376517e-01
4.507815633677622058e-01
1.668804412394370718e-01
6.475923984398582745e-01
-3.192610842017278849e-01
7.650381598525470839e-01
5.902626194142690519e-01
8.331865784831734567e-01
3.473038219677277993e-01
-5.396354134054039964e-01
3.011752010805904267e-03
4.971124050724620713e-01
7.697056786581856214e-01
7.005597214351059199e-01
-7.921043875630845443e-01
5.475955547316225802e-01
3.027818606958242453e-01
-9.022206588144915385e-01
8.210793704940914928e-02
-1.000000000000000000e+00
-5.954785342022144157e-01
5.875937056030687833e-01
-4.484398279279424582e-01
-9.724725873492700012e-01
3.672671894086091404e-01
-5.468021098885965658e-01
9.956896511142788730e-01
3.933631783065769105e-01
-3.768211249478682356e-01
4.755992262368491375e-02
5.728837952605005945e-01
-6.271333325553898330e-01
1.200336612537453579e-01
-7.611364621162121091e-01
-8.105723970914404664e-01
-4.557827686629152275e-01
-1.441270073974860177e-01
6.515970217724872393e-01
1.417442764491398388e-01
3.651077561721869924e-01
3.108387492371172400e-01
3.358910228924159025e-01
4.136354198666866155e-01
3.977518002382549045e-01
-8.015900985874080398e-01
-7.221609781646465276e-01
-3.313874006107304648e-01
4.420724361509857925e-01
4.527568757710195291e-01
-7.051680985692695414e-01
-8.787226973382324946e-01
1.000000000000000000e+00
5.441799589394826775e-01
-8.865053775653441992e-01
3.678736538526214961e-01
7.941193079121802723e-02
-8.400853865054287439e-01
2.908325588266000850e-01
-5.145950928324301010e-01
5.809284886673660164e-01
9.217548865114015832e-01
-9.516880052174526705e-01
6.554405863667700505e-01
4.508823186674379979e-01
5.104730871762468425e-01
-4.670275552030324628e-01
1.824605905042604170e-01
-3.638797794329141633e-01
1.680255190099081142e-01
3.224323831129281559e-01
2.557876063007138434e-01
4.529051097278223303e-01
-8.324839907043772858e-01
-6.193548620496387436e-01
-7.371861325249644270e-02
-7.637429580906756055e-01
6.441904385945654843e-01
-9.155430459346456384e-01
3.094073460832917344e-01
-5.976272941644654724e-01
1.000000000000000000e+00
1.189025774676175096e-01
2.683360260403307440e-01
7.783207325032195367e-01
1.000000000000000000e+00
7.559808056385677877e-02
4.639878014777901183e-01
-5.283374131794301709e-01
8.133232236617110589e-02
4.993238300688432330e-02
7.512257732330281934e-01
-2.861688599354226814e-01
-2.601699447573831425e-01
-4.563063683859515107e-01
6.510062087596052427e-01
7.901291307238962336e-01
-1.886948988288493223e-01
-3.442572452807478589e-01
-8.780257871415295678e-01
8.537500325773984544e-01
4.129987321994928462e-01
1.112178956251377998e-01
-1.017750842884074108e-01
9.269472291584177626e-01
7.355720984239613180e-01
-4.057813165958761292e-01
-8.539983604709560083e-01
4.524158796092129231e-01
5.808877803607378487e-01
-1.957591411515999802e-01
1.864839944269765515e-01
4.771186989316244520e-01
7.879832741775371074e-01
4.550822898421504337e-01
-7.583418340498174759e-01
-6.357935918390393848e-01
5.712129102033680628e-01
-9.749509695733323822e-01
1.220839381282869951e-01
8.192943621738648652e-01
8.147649463295501826e-02
-9.691515884423309579e-01
1.788888854903552261e-01
5.134000202327190232e-01
-6.822998541721783106e-01
4.339050688419274771e-01
-4.843228259390909840e-01
3.351142806786280848e-02
9.162456561349365813e-01
-6.141775282066052055e-01
7.701784292333313520e-02
-6.729289299885656828e-01
-1.225209458084251246e-01
-3.432243401988363529e-01
7.643012475133134087e-01
1.764630456156324190e-01
-3.932860387090429399e-01
-8.757359892777559773e-01
8.604819727125276874e-01
8.190981672286246074e-01
9.975810135470467577e-01
-4.881901775886257067e-01
-5.324583021779494274e-01
5.700338225638253986e-01
1.551945990094611427e-01
-2.329651406111316603e-01
2.601711493195180136e-01
-6.381279881833538115e-01
3.336083116540895510e-01
-1.000000000000000000e+00
6.803967754618851782e-02
-6.590635806481761616e-01
1.000000000000000000e+00
5.478596116222087531e-01
2.897164432106045795e-01
5.017081332718307252e-01
2.679399371750682546e-01
-6.952851264847242918e-01
-6.203957497280461197e-01
-3.942959471134996896e-01
9.754630709868127303e-01
-7.428595667723815188e-01
5.692497108932825789e-01
-8.506379060698802119e-01
1.000000000000000000e+00
-2.143830964621254165e-01
9.237687278148601910e-01
4.216974629212380532e-01
-4.704368744218530574e-01
8.203739598184101034e-01
-3.657750708669902373e-01
-3.528656935486725321e-01
-5.331652768417710631e-01
5.821827712984289915e-01
2.852228263346335280e-01
2.035077348171604461e-01
6.178425481486508053e-01
-7.224112503123206741e-01
-6.132070285684062538e-01
1.280382529614471909e-01
-1.153424427321855100e-02
