2.929341856411988854e-01
-4.607495598714934915e-02
-2.805428427871941022e-01
-3.338805389398998846e-01
-8.629828597006913293e-01
-7.656523134108522699e-01
-2.669716948467560913e-01
9.865403487214571276e-01
-5.964451232840547457e-01
-2.952015467800223614e-01
-7.551965859221639876e-01
-1.495774466718996776e-01
-8.659978210387216935e-01
-7.047013622638014230e-01
-5.257784686845472927e-02
-5.669848223896355455e-01
-6.592042055213939156e-01
-5.229685720583676645e-01
8.275268667217552387e-01
-2.022260995626981583e-05
5.403085230274710105e-01
-5.936596823787464450e-01
7.629348601549701403e-01
2.454466515133068849e-01
-9.595120186359060721e-01
4.669908987694918467e-01
2.455671785598723678e-01
-5.672366384048025401e-01
9.355854134186007975e-01
9.416340036381162237e-01
-6.737678271046889655e-01
-1.947998958011849524e-01
-4.013960653009814861e-01
3.642785211771254472e-01
2.526655257055421822e-01
8.073896235527946441e-01
-2.764168906558128747e-01
-8.324571043319684005e-01
-8.884517276679405606e-01
-5.490948254207861368e-01
-2.064558377386124244e-01
-9.852878960838110656e-01
8.018947548747008547e-01
7.664987920745953698e-01
-2.207967605335562078e-01
1.000000000000000000e+00
-5.188637050468679623e-01
7.455234729810793493e-01
-7.009630957416190800e-01
-7.916546815532820025e-01
-9.983763502806644041e-01
1.000000000000000000e+00
2.415423466475188352e-01
-9.794923604915555249e-01
6.154591860434819317e-01
1.236133915192741406e-01
2.874917632624351405e-01
-4.600696359517537637e-01
-1.000000000000000000e+00
-5.066660574022624486e-01
9.623248607044390113e-01
-5.986677400708283470e-01
-1.161354410222154993e-01
3.461993218381338444e-01
9.610345569912652763e-01
9.016235267508199147e-01
-8.039110583097969220e-01
-9.678590225873935360e-01
-9.218852420117006341e-01
-4.748633876450982783e-01
-1.851925940222866329e-02
-7.992436083027188998e-01
3.592192498327230754e-01
6.892092421598766672e-01
-2.840101773314408495e-01
5.104209036364804053e-01
8.330272492399501960e-01
1.541666990710823804e-01
9.103712539250629066e-01
9.228695307426546535e-01
5.389881081094689552e-01
7.662308478316505189e-01
-2.565283162394917382e-01
5.114861334965765671e-01
-1.918759493497067259e-01
-6.572189372430961019e-01
1.519837087906362461e-01
-3.245649953959116041e-01
-3.284666082280873756e-01
2.767263743765845385e-01
-7.046076659006306198e-03
-5.495606195735986965e-01
4.981577307462696780e-01
-2.134733284431325206e-01
4.109053629703036115e-01
-7.854375303759332239e-01
3.269016622262712057e-01
4.470039690904636931e-01
-2.737657441487178489e-01
-6.389486300354114690e-01
-2.705131025815846746e-01
3.706579179899167631e-01
6.126080187395734900e-01
8.876286218577441600e-01
-3.754861717254451281e-01
-8.612194589014364743e-01
-9.520436822007399824e-01
2.424533599320336241e-01
-4.956509150234500449e-01
-1.000000000000000000e+00
3.590664948146679580e-01
-4.751675393743556852e-01
-5.936269752413999568e-01
4.742889232737580452e-01
-4.134037917276960350e-01
7.380840900850671460e-01
4.588956895463232044e-01
-8.780704532786500760e-01
5.202124340631641974e-01
-3.773982603547584302e-01
-8.005167631500337277e-01
-6.813097442696978145e-01
-1.944346110842782860e-01
6.490627067816173712e-01
-2.613845313595299091e-02
8.497867022681477867e-01
8.451601428886948986e-01
7.677440468441355526e-01
-3.001929751279548420e-01
-8.994431394016403347e-01
-4.816035351396497077e-01
-6.552292316116662407e-01
6.734338348403776653e-01
-3.119078900965739920e-01
-7.262885642031596811e-02
3.136994281277727947e-01
-2.933433809695159544e-01
4.370528702505608321e-01
3.664123603785426342e-01
-2.659067160701791277e-01
-1.228396173787492385e-02
9.393009326031058759e-01
-8.274222623365651980e-04
2.715159704754026571e-01
9.836198466701614462e-01
5.772345267308106598e-01
1.376485260144691691e-01
1.592132145840566837e-01
5.332166354774389161e-01
4.784110562944242639e-01
9.209634230889317541e-01
6.247000290560871250e-01
-4.853483328946390785e-01
-3.958378215432521025e-03
-9.329931068093751945e-01
-1.394740523237162078e-01
-8.330440307702668967e-01
-9.417053792429487258e-01
-6.465559012170960518e-01
7.857051175571807544e-01
1.000000000000000000e+00
1.109344308627177311e-01
4.734305569368971178e-01
-1.164112855335441982e-01
-3.223974653739094531e-01
-3.885289359488171002e-01
-6.817279934166078359e-01
-7.354553308136269063e-01
-6.952187070629219923e-01
4.771352808499566556e-01
8.654922350077463022e-01
-6.861657951196259431e-01
-9.586498248846025971e-01
5.893884611579855992e-01
-9.188431292769633218e-01
-1.838269609219055079e-01
1.949217484874905815e-02
1.860700457872309088e-01
-5.474027153170587523e-01
1.163603238240011051e-01
-9.548372127878261839e-01
1.000000000000000000e+00
4.746704990306877536e-01
-7.578674745537498092e-01
1.853904628844585400e-01
-3.003576898242759641e-01
4.445642959116062887e-01
1.819993922717078605e-01
6.522738961519897183e-01
-2.883755402761131736e-02
-8.638739456775896830e-01
-6.836840492404044900e-02
9.968208304997722147e-01
-9.293918219385938206e-02
-6.300709537066225829e-01
1.075548960790025620e-02
-2.619705297062168703e-01
-8.824306846234927781e-02
-3.023900799083031332e-01
1.000000000000000000e+00
5.814312269495768293e-01
-3.917370754393294241e-02
9.070548770298914043e-01
-9.222771487222161113e-01
7.880789472267377693e-01
1.418623393003080324e-01
-5.890692715321728112e-01
-2.660748341720871601e-01
-3.767836794278036638e-01
-9.156769775413691193e-01
-7.770448728935228644e-01
-4.528660864400752550e-01
7.322134899151825360e-01
-5.597036012127361293e-03
9.123291791659289274e-01
-9.217940170901006702e-01
6.165874544083663755e-01
-6.906738948162099989e-01
8.926612638389135046e-02
-1.422079395168321103e-01
6.395278747452564083e-01
-9.989494841025333693e-01
-6.778186739186439214e-01
-5.189005589590236500e-01
7.878985045382155272e-01
4.923166917970880352e-01
3.974223035021440947e-02
5.557172900445775943e-01
2.580806385513312318e-01
8.909701670043860267e-01
3.732002560678803760e-01
6.780542870503026842e-01
2.188393596932927121e-01
2.208445390838821021e-01
-9.219927785245823904e-01
-1.684593419199501563e-01
-2.774142410904146261e-01
-6.863057264689939596e-02
-4.382463119440371258e-01
1.287320397498662172e-01
-3.243071126408482163e-01
-7.540575447128093634e-02
-4.323820019627629962e-01
5.164508647323944324e-01
7.710926801746417203e-01
-7.417873699360659767e-01
-7.079759839895712892e-01
2.705089323412477320e-01
5.053457736837085185e-02
-4.774656514082010195e-01
7.783870637828715910e-01
-7.122993749933842489e-01
-1.019986735875130363e-01
4.836562695423257674e-02
-8.342756728769815111e-02
-4.719435519228579734e-01
7.993852838212336387e-01
3.015180439644438160e-02
9.033607387155260238e-01
1.761209488996712813e-01
-5.140092904930668727e-01
-7.361136147446935007e-01
6.956235560109130800e-01
8.389297359604801496e-01
2.805841569520968193e-01
