2.855469713160706524e-01
6.865188836612490242e-01
7.398592882387534653e-01
5.879072264328422115e-01
-1.591951516181892845e-01
8.876811505851003314e-01
9.488092973987846124e-01
1.324797950751618048e-01
3.233166198965099075e-02
-7.551599774921166075e-01
2.250490541878726602e-01
-1.147368981759789158e-01
2.439301923733328548e-01
1.020192940554988242e-01
1.651434696611529529e-01
4.791866067071668955e-01
-4.558459552405723647e-01
-5.794875235596682606e-01
6.451443413508479718e-01
9.544509676269635756e-02
9.352218867031875105e-01
5.211160389890170386e-01
-2.110790345354308928e-01
-4.211660866127662772e-01
1.269544018941163865e-01
-3.277964449022099380e-01
-1.014664622157239321e-01
1.217626375859945237e-01
3.049385836576358200e-01
-1.097559262587520512e-02
-3.624602524957742378e-01
-3.120838180882921920e-02
3.564405639763703060e-01
8.737000235936337456e-01
-3.868501417482277382e-01
9.483589538285069898e-01
-7.590008732323895169e-01
-2.379585747104900062e-01
9.527275006794435619e-01
-5.085064178997444895e-01
-9.548182053580786532e-02
7.722252909822033828e-01
-5.064534221552479121e-01
-5.237880958992187086e-01
4.432245146692648796e-01
-9.488540534816726213e-01
5.416848655781691252e-02
7.236414256261762823e-01
2.851483640756344307e-01
-1.815915367671420699e-01
7.800081953921119693e-01
-7.020967201118675227e-01
-4.329819373276805328e-01
8.783462770221720506e-01
-4.458380297706148188e-01
9.456356932879516064e-01
9.217712693448238959e-01
4.115519082049166610e-01
-5.656801824368470344e-01
1.714546299639726767e-01
-5.281207036215353201e-02
-5.714932679618140998e-01
-2.589681415422328548e-01
3.517926084745104376e-01
7.354863855562161490e-01
-5.434347601707189002e-01
8.241000691571140901e-01
-2.809774941800683989e-01
5.785300545915600390e-01
8.927553061815884927e-01
3.461342910082846891e-01
5.047186486349327650e-01
-3.271619773071014481e-01
-7.798224882525143231e-01
4.628730681997315632e-01
-1.000000000000000000e+00
-4.621107417167096831e-01
5.446976650357958638e-01
6.330873593111945308e-01
2.677178787497214163e-01
-4.829268886861283749e-01
2.512937990635673025e-01
-1.668579902450449959e-01
-2.947683859624419256e-01
-3.904883064552803207e-01
-9.991003472533246388e-01
1.126118325996273983e-01
-5.465544015094563335e-01
7.862570248191463884e-01
-4.460149125862669650e-01
6.004137322456858383e-01
-4.830767154569703403e-01
-6.670983497129635564e-01
-4.930884369026944380e-01
2.077631373650484781e-01
-8.323128290755252845e-01
-2.188963096073460179e-01
-6.931139565432229421e-01
1.893957800318530338e-01
4.044778425510425213e-01
2.047413785855537460e-01
6.209618869808917196e-01
-1.541071153839288221e-01
1.996177078337397770e-01
7.870790584525407807e-01
-3.916919776562226285e-02
-2.323160730070549310e-02
-4.027128613971961424e-01
-9.771565527583992994e-01
-4.110469623348189105e-01
-3.968260523880198232e-01
7.417195304674248924e-01
-3.022543734633313384e-01
-8.395703174196494922e-02
-2.375163350218638114e-01
-4.854222994438845418e-01
-9.329991972707852854e-01
-6.480445213075531896e-01
-2.266681003233643188e-01
-5.399968518030818371e-02
-8.321919364642493822e-01
4.009411867356696968e-01
-1.133357913798622857e-01
1.738453824730161468e-01
7.027297424294430828e-01
4.951108591679126980e-01
4.486469326307409022e-01
-6.530298915434359364e-01
-8.692253738190873769e-01
-5.801661841577738787e-01
-7.061080380067210616e-01
-8.829843856009068626e-01
3.135597412701606745e-01
1.065259822379803489e-01
5.008268614333157842e-01
1.058638824948936602e-01
-9.098196010603627482e-01
7.729824270559698673e-01
-8.634433507337240243e-01
8.511554643448698831e-02
7.324929083504415628e-01
7.808916721842693587e-01
7.998069452598680074e-02
8.808315259928328755e-01
-1.123805155922799753e-01
7.610215574628026447e-01
-6.021615909872066741e-01
7.965566750026149556e-01
1.682492872220199553e-01
9.469008252845726448e-01
-4.566088110482946494e-01
-9.837245814800619215e-01
6.784336114225550940e-01
4.773999325250976034e-01
-5.865824291147709868e-01
-1.844480327848780910e-01
7.443388135243924619e-01
1.000000000000000000e+00
-9.121855015670042865e-01
-8.252928477249079631e-01
-7.421894204234774639e-01
-6.232848561924282382e-01
-4.836056467774590972e-02
-8.688615830748221969e-01
2.653569790962904268e-03
-6.962996190354723280e-01
-2.355446053162029429e-01
-5.490050459701520946e-01
4.361896694454791001e-01
-2.034469673442728388e-01
7.543085645878935264e-01
-7.101697929886197080e-01
6.083391877905692802e-01
1.776955031358465886e-01
7.559222576627698809e-01
7.650296112282314875e-02
7.345872241270828829e-02
4.549085148433576475e-01
-3.122689465534678188e-01
9.437308016356211748e-01
6.040662009095785212e-01
5.343929402256544225e-01
9.157980217651919830e-01
-3.273162742154721583e-01
-2.767566281981296283e-01
5.158737589228754583e-01
-9.431258554405657080e-01
7.952834585514726440e-01
9.678269219827669856e-01
3.043732216867134355e-01
-6.917630516745931768e-01
-3.082122712381448748e-01
4.274612929919301973e-01
6.202674504756854335e-01
5.458719251281575202e-01
1.555965536370867708e-01
-8.013694185052389063e-02
-5.730362657698728768e-01
1.640611813072346062e-02
-5.859754186059142056e-02
9.292944765475656954e-01
-6.198226850445189839e-01
-1.171418865055182112e-01
-2.727923461808550720e-01
7.926343022580364384e-01
-1.644318981154719306e-01
-7.702104053324564104e-02
-1.118150180204228183e-01
5.220403335569485659e-01
9.821943572128744027e-01
-1.435512801376305839e-02
-9.058307314245526154e-01
7.768496086780825038e-01
7.301999391970731557e-01
8.560880358039375526e-01
-6.058837729278339079e-01
-7.004577615568428062e-01
2.553712339292907862e-01
4.004580780643199889e-01
-7.562691422600663627e-01
6.441543193164041003e-01
5.532036873547321321e-01
8.253491736879604579e-01
4.779775800768285565e-01
-8.923140027797854534e-02
4.427309492681021919e-01
5.059021638145646538e-01
3.404244965993837857e-01
3.138611634637287207e-01
-9.468959181753466847e-01
5.796416744668992926e-01
1.123509609404766962e-01
7.578603353274723231e-01
1.181675876259754010e-01
5.411582214047839789e-01
-5.812269006505061952e-01
9.409236113653570710e-01
-2.791637522074955080e-01
2.705041277501031294e-01
7.369319016474173978e-01
5.142872046548574438e-01
-9.296101201484215926e-01
3.166063465813578337e-01
4.287431545712656611e-01
3.692882932500806126e-01
-2.011189835217972455e-01
-6.253782153354727757e-01
2.377171215501431012e-01
6.247666015545468854e-01
-3.216245493826569435e-01
-7.437343554675440727e-01
-1.049276704930151433e-02
-9.748343106387384882e-01
-9.419681610648426018e-01
8.220035638265851263e-01
-9.316138889954569402e-01
6.558415647473357923e-01
7.019235439905598950e-01
-2.720636434866402498e-01
-1.077346853961735629e-01
7.220967992706247562e-01
-4.083206965621686280e-01
-2.375960510963160410e-01
4.537200807099695671e-02
-4.517294625994759394e-01
