3.025561012343893630e-01
3.955044419274671430e-01
5.344035265114371880e-01
-9.601956273195083602e-02
-5.179755235577765404e-01
6.050794543950952509e-01
-7.912272006091671805e-01
9.120315571384068898e-01
-3.433300211121048107e-01
-1.000000000000000000e+00
-6.919227999456378786e-01
-6.575440422530128837e-01
-3.601923059114813253e-01
1.000000000000000000e+00
-6.358649742713103903e-01
-1.130356024037596913e-01
2.083374861750630080e-01
-4.116815418958935657e-01
-2.527117100464383592e-02
4.160236421567168330e-01
5.371097498338848197e-01
9.214678995987489740e-01
-7.321900771305771549e-01
5.139367076784004951e-01
-5.514380731517789513e-01
8.511721441654774845e-01
-8.399117109885529953e-01
4.313217137850099137e-02
-3.932268451760195793e-01
-2.837416539209176025e-01
8.236358270511319191e-01
-9.669509507077513888e-01
7.571032837317566155e-01
5.737198731651238504e-01
-6.868237792352370752e-01
1.157173101558914285e-02
8.578882155876970117e-01
1.863595274525438883e-01
9.494054469478387936e-01
1.530669600015649445e-01
-6.250069625405630935e-01
-8.226034247325124671e-01
2.862251359656069472e-01
2.779369225586063585e-01
8.812939732854039310e-01
-3.516425029537267877e-01
4.828999000401811292e-01
-8.350253477102205224e-01
-9.718212826493441425e-02
3.813912555303653473e-01
-5.818505191966387713e-01
-6.338576552754359161e-01
5.962513369301144506e-01
-5.927831386266024793e-01
-2.227207952384152589e-01
1.653225876366337388e-01
-7.097061940851719930e-01
6.215463838421403375e-01
-7.416816927262036563e-01
5.486766188806986300e-01
9.088902978234923991e-01
-3.163397749345216448e-01
-8.639123099284714558e-01
-4.016984186933825751e-01
-8.593821367585956494e-01
-9.061454888905334792e-01
-7.247377954531699640e-01
-2.073644980316834141e-02
5.146461935882494787e-01
-6.175827723479285769e-01
3.610445038348552571e-01
-1.190399906498053051e-01
2.941509183210985756e-01
-3.585757287829480777e-01
-1.000000000000000000e+00
9.644187758493119045e-01
-8.154878610748582668e-01
4.574702288777074966e-01
-5.818415883676358175e-02
-8.935857036434726730e-01
1.000000000000000000e+00
-9.498167514578842452e-01
-5.577945517867051173e-01
-4.237215628026208547e-02
7.712730934437992403e-01
-1.136230379853918754e-01
-6.892262867175146246e-01
8.269092862606652883e-01
-1.278446775166897920e-01
4.947444032192466201e-01
5.488058045336785540e-01
1.619255004450432245e-01
7.557427714361910631e-01
-1.000000000000000000e+00
4.611060807439240072e-01
-7.127092876729360094e-02
-4.472798744081408762e-01
7.421774648681767061e-01
-1.159366847536937029e-01
-1.000000000000000000e+00
5.241820719880745383e-01
5.986663722426165402e-01
5.438715915809514412e-01
-5.055814484917505597e-02
5.566987335549299087e-02
-7.111453231475943770e-01
-8.373334296801844545e-02
-7.814878734415179329e-01
3.346440262559334522e-02
-6.603115324205888204e-01
2.093934330895221019e-01
-9.940246614937051639e-01
-1.333812455393080798e-01
-2.506642374449574717e-01
1.506909419304539866e-01
4.989923884863445291e-01
4.655336350551944058e-01
9.360762445315777835e-01
9.421114250462270245e-01
6.206803350242721118e-01
-1.714089787951944555e-01
-3.743447848368446351e-01
-6.671663649658224893e-01
-9.201997884574187880e-01
-7.604386684681567754e-01
-4.635612713620843595e-01
-2.658361684013138548e-01
6.243123702035096034e-01
1.000000000000000000e+00
-7.103190750353369221e-02
-1.901768798521882853e-01
-5.597848922201958954e-01
-5.203097539364480717e-01
6.421012558871709297e-01
-1.000000000000000000e+00
-1.720191913183870269e-02
-9.589829369296325456e-01
1.791196422238514885e-01
-8.542599119379380435e-01
9.489080231186324266e-01
-7.698276691018037798e-01
1.213825890801557839e-02
-9.141989340967887623e-01
-5.497710416689794988e-01
-3.566840396802636870e-02
-3.173932824573093003e-01
-8.381755241801491785e-01
-4.645913236681007558e-02
3.661554909822329895e-01
7.274814788260598464e-01
-2.726218207571454721e-01
5.789804891416288068e-01
6.009553439031950495e-01
5.319019310351332797e-01
-4.431674343498942514e-01
8.126885498684024434e-01
-1.084935204031083587e-02
2.731974833882745424e-01
1.000000000000000000e+00
6.329471826302350834e-01
1.262497690288963970e-01
-8.251797841647257048e-02
-8.755826454092756617e-01
-1.000000000000000000e+00
-9.112487129891694293e-01
-8.282084389766759536e-01
9.174443482548441109e-01
7.645558133308768545e-01
-9.616348265732377332e-01
-7.205958591472211294e-01
2.601154197001228074e-01
-5.902446060282280360e-01
6.275394894746297858e-01
4.142541844722493205e-01
8.819002109936173728e-01
-7.609171162239141140e-01
-9.665683142843074505e-01
7.377459226647010704e-01
2.414001772094222509e-01
8.836017050427400488e-01
5.023351947991883115e-01
-9.469449471456964362e-02
-5.971720962148853173e-01
8.865484406502385228e-01
2.460869919260363914e-01
4.818331539098728578e-01
3.046507313329867572e-01
-4.882169327832624472e-01
-1.000000000000000000e+00
5.516346007247632799e-02
-2.300633382396968241e-01
8.407737168601969735e-01
-2.547766032077773413e-01
-4.456479738364060861e-01
7.691994192202122882e-01
6.189761946836122020e-01
9.048576446641839466e-01
9.582998956236410404e-02
-2.916732499878405549e-01
-7.545917113890400207e-01
3.408828950045097450e-01
6.870360505686369246e-01
-1.089817454601582913e-01
6.549452846283729812e-01
-8.384883279204733419e-01
-6.281352260473564986e-01
6.049220727659131436e-01
-3.433299235472374311e-02
-9.465793288692319063e-01
5.804235948088314334e-01
-7.685425463019625036e-01
-2.250486965345060431e-01
5.565929474083779471e-01
1.000000000000000000e+00
3.457108747659151105e-01
1.546925873664993789e-01
-2.175684961783150573e-01
7.672611744776631770e-01
7.840267149471696895e-01
-8.408681780733903710e-02
-3.318362330143364014e-01
1.370212158957054283e-02
4.884672782511838979e-02
-1.164076845641737884e-01
-5.383240444018102533e-01
2.161977607735987850e-01
-8.378937585422950862e-01
-2.275796646978424098e-01
-3.020194371636749087e-01
-6.257657616250019705e-01
-2.775859361017583571e-01
7.347250122425703633e-01
-3.612583187715233679e-01
1.086274143018112620e-01
-9.128884711469791302e-01
6.111024755628879923e-01
-4.808943030878716773e-01
6.489926296588582888e-01
-2.591604119505442894e-01
-2.437109792862358071e-01
-6.778660413745072333e-01
8.595802470763732606e-01
9.549442345830098100e-01
2.504962949425856844e-01
4.598541507247122517e-01
-6.416057966663982759e-01
-1.483433458419548823e-02
6.100231006494060138e-01
3.210300910086474335e-01
-1.000000000000000000e+00
-7.620356037224594870e-01
-6.451446496585780954e-01
-7.198469469063930593e-01
1.130032904822771134e-01
-4.905378344728477114e-01
-6.288080187466528193e-01
-9.096658561407000576e-02
1.803753608270762254e-01
7.024973036559458706e-01
8.655384863497541659e-01
5.222053815842068181e-01
1.477319140402004460e-02
6.240553053420656582e-01
8.250171254083220607e-01
4.744658945850575571e-01
