3.266594343601345596e-01
-6.174857649885586719e-01
-9.440892462159309328e-01
1.409115279242969254e-01
-8.941234474935256804e-01
-3.455402358898564952e-01
9.524647659066426408e-01
-6.179411410807901239e-01
-4.761275989307722084e-02
-7.944542361509725481e-01
-4.525892231184845960e-01
-4.592077438738864648e-01
-5.710985433837655334e-01
-9.231108149402613705e-01
-5.569579847152089647e-01
-2.680239784171178918e-01
-1.306999918074623901e-01
-1.000000000000000000e+00
-8.887192877305268857e-01
-8.332025263892967049e-01
-6.634069152980163198e-01
5.979591596650939422e-01
4.052462438600282213e-01
-7.259068767207662587e-01
3.095771932575376306e-01
-8.408709073022836433e-01
-9.180495941125458303e-01
6.250183175282075787e-02
-2.553762447453998830e-01
8.246462633006996779e-01
-6.259666311078526668e-01
-6.070710873458329271e-01
1.431313558198149538e-01
-8.500397107150298170e-01
-3.024588099601191460e-01
2.362887472220150387e-01
9.269545064693073266e-01
7.741141637355151151e-01
5.569980853383705854e-01
1.728701972772109241e-01
4.691290977682193719e-01
-4.939181666895181566e-01
6.809523313348668783e-01
-5.809909635862645638e-01
8.683187728765946467e-01
9.727122669891175022e-01
1.836471366402328831e-01
7.686326932163561887e-02
-6.566561839514716004e-02
7.941749645015701020e-01
5.082697773689550669e-01
-6.500994545933517221e-01
-2.026608478889897758e-01
2.025290152941017219e-01
-7.375002485915146400e-01
8.878709178007020142e-02
5.787300549789502202e-02
-5.271882469876424393e-01
-3.153327182841238474e-01
-7.809082676631767805e-01
-6.708312238403859595e-01
-9.604317717631755125e-01
-6.745811041512067563e-01
-7.676036600132045418e-02
-1.897981963730605570e-01
7.275693619862565187e-02
6.677158967248599808e-01
8.212140090218617017e-02
-8.132862066004263868e-01
7.977079997235954067e-01
-5.732826416224955368e-01
8.371452423978713586e-01
-8.692662388286905850e-01
-4.951646316835484063e-02
-7.926789540694143543e-01
-1.000000000000000000e+00
5.584864454709509429e-01
6.431390717198997020e-01
-1.042106816986942963e-01
8.167451496082922535e-01
-5.324625160714218097e-01
1.992473535397583720e-02
-2.853318894798506089e-01
-1.803983215724543065e-01
9.597733280639788589e-01
-5.511706663652465865e-01
-8.849052623203408630e-02
-4.247688730132575530e-01
4.110679132888668819e-01
6.779280291969673744e-01
7.526197325801031734e-01
3.004511260991120369e-02
1.134166194365763547e-01
-5.628797184734251058e-01
7.794446069583662595e-01
-9.123861914478134105e-01
7.790243795553913886e-01
3.190681153177505891e-01
-1.086250512098776849e-01
7.790359981915617738e-02
-6.878587901570859531e-01
-6.862459952831820864e-01
6.790578625911245503e-01
1.328110360825317804e-01
6.527167208582982383e-01
6.875732332750490450e-01
1.814632467373270344e-02
7.367950270576912875e-01
-6.199962811432392362e-01
-9.387526247431300375e-01
3.355477065026114536e-01
-9.544507918161775351e-01
7.289633440005666154e-01
-8.215945785384315414e-01
-9.087020665182220514e-01
-3.712187255954947362e-01
7.489433929489004438e-01
1.764127770862957412e-01
-1.674210031471440596e-01
9.004604898479019459e-01
-6.017062607656441242e-02
2.198462839554768955e-01
9.037800453183975069e-01
-1.573401234110902436e-01
-1.096651646025596366e-01
1.166471872047585845e-01
-3.443287969775294943e-01
3.355768613264552558e-01
-2.742098747766874567e-01
-8.380467507941494754e-01
-2.377390084715573504e-01
3.129583127345376692e-01
-1.745933732984845110e-01
7.447499082042154939e-01
2.916742259945935833e-01
1.000000000000000000e+00
6.528993481151414979e-01
-4.094894851597942753e-01
-8.905550899635870932e-02
-1.631085168748791503e-01
-3.321391356697332431e-01
-3.194805932899812823e-02
-6.663900331895908913e-01
8.735280270607734820e-01
-9.917698348081762649e-01
9.491056416164060927e-01
1.204463556391133783e-01
9.850971989734026435e-01
-8.086470911220400293e-02
5.091670524918757712e-01
3.768750563803214271e-01
3.365956262688775402e-02
7.897367824641003953e-01
-5.999855904996755918e-01
7.379271417534136734e-01
4.630209171987031969e-01
-3.503517842370100221e-01
-3.250450766500158073e-01
5.345350818646252833e-01
1.329131374126968079e-01
9.373328445798215225e-02
7.843438880969210159e-01
-6.801321408123836010e-01
-7.530880202319463201e-01
-8.173606668766362215e-01
-2.503093879929301768e-01
2.694492110895625459e-01
5.280962531449751030e-01
3.086643231156567246e-01
8.929945296207617567e-01
3.623132040417317845e-01
-8.017433381304339690e-01
8.825600119227748619e-02
8.263845111474568128e-01
8.181842421068833415e-01
3.535155557252602776e-01
1.085578442034497576e-01
-7.437568242560079756e-01
7.385809821560138655e-01
-8.329184080591951478e-01
-1.374088657001585889e-01
3.632296826546270799e-03
-7.805564077726792095e-03
8.114192358707460473e-01
-9.754300980507339958e-01
-5.535333035903282628e-01
9.207588516407455570e-01
7.610935880464744230e-01
3.831091104819507320e-01
7.428445586188897609e-02
-2.828876866058171319e-02
-3.859742758694415521e-01
7.981826310346138431e-01
2.858470288856864716e-01
1.420626243377630035e-02
-7.421360389137632296e-01
-1.132597279306823829e-01
-7.704054863342646442e-01
-5.873225851097307881e-01
5.002150450834224049e-01
-6.504697168616276892e-01
-8.879062809261859535e-01
-7.514870515089915326e-01
-1.691996644530232852e-01
5.116137857567962799e-01
-3.977652954390168416e-01
-8.291685330390750064e-01
3.961372581757719447e-01
-2.585451059451639999e-01
7.684969954669943482e-01
-3.935546999772688292e-01
2.610910269003139939e-01
-1.004569072822724882e-02
8.902402128979753915e-01
6.499993309463064639e-01
7.188975745371997128e-01
-2.872645765448217370e-01
-4.333927656989998711e-01
6.156133589081843605e-01
9.234272174533771083e-03
-2.528851164972455989e-01
8.809507165911967252e-01
-9.378105856469391710e-02
-6.270369793350965004e-01
7.538735237919620691e-02
4.607800064217851266e-01
7.290712973483367554e-01
5.683963457015211995e-01
-3.298036125768159521e-01
6.654109850744901467e-01
7.804948873568500201e-01
1.476457322773163106e-01
5.765458771699681906e-01
-5.667704979588965575e-01
-1.318303919731558527e-01
-7.091860463570129891e-01
-2.949688050116466287e-01
-5.209111780498003608e-01
2.481415277596052404e-01
7.646236493171461035e-01
3.967178194241462452e-01
-1.463212194903274199e-01
3.458780020250182829e-01
-5.336281817861325827e-01
9.335161324853314957e-01
3.909868584809469971e-01
7.397626479520085230e-01
-5.730605165956585978e-01
6.656190360853299071e-01
4.555662247864106784e-01
-8.967639335400516831e-01
8.225474694899698180e-01
5.378230524585752015e-01
5.576175125897155915e-01
-7.596561131050545423e-01
-9.739285954014605950e-01
-8.670358268217045472e-01
9.130043896088609889e-01
-1.081701488641302472e-01
5.610675871678961757e-01
4.392275629285360417e-01
-1.448779107955881773e-02
-2.128158527690593160e-01
7.343349825599825298e-01
1.000000000000000000e+00
