4.463993643084405716e-01
-1.038684312326236814e-01
8.830666156191607774e-01
1.615032189215118152e-01
7.764566214206489736e-01
-7.223230599640924066e-01
2.881389372149752437e-01
9.780668397206706555e-01
5.145817463081402421e-01
-5.119325175422473340e-01
-8.061351308956762329e-01
-5.067936534802071069e-01
-1.780934972657430004e-01
9.402220500630816824e-01
-7.533571084784136396e-01
8.557811550856742056e-01
-3.069441080312988734e-02
6.966494027347610585e-01
-9.586323146966693187e-01
-5.114142698675187004e-01
-4.526816571533293088e-01
-7.515416082541847009e-01
2.840932972597504103e-02
1.000000000000000000e+00
-1.897060241101032330e-01
1.296013678008364478e-01
-2.308910688614250126e-02
3.437369827324027183e-01
-8.025725707992567015e-01
8.292050993946425974e-01
6.490098250455975659e-01
-1.000000000000000000e+00
4.051775118082144578e-02
-9.029915058642776216e-02
-1.603843233776229282e-01
-1.645284218409896471e-01
5.684761575016149537e-01
-4.582441945686055451e-01
2.875782829739933488e-01
8.754999147344076638e-02
-8.128934430988135063e-01
-4.667025668406319383e-01
7.566169571170651142e-01
-4.183729555140215384e-01
6.626841337107829411e-01
-9.563616605691291905e-01
1.000000000000000000e+00
-1.387644374360146315e-01
-2.043187076748903819e-01
1.719943022344995742e-01
8.282722532439537044e-01
9.444300117767062686e-02
6.986730096987319172e-01
5.155538428122140582e-01
7.270773512712545017e-01
1.422690553224181254e-01
-8.895618636335671514e-01
-2.988201885050958961e-01
2.424469150426925568e-01
-5.654218626275760995e-01
6.409879467739773573e-02
-2.641734927241215503e-01
2.090507122607523360e-01
3.596114128541366001e-02
-1.207350004336132654e-01
6.249978579001251866e-01
3.328807253191607418e-01
6.670157633871709457e-01
-3.697129635561335337e-01
-9.659242632921180016e-01
-9.081539385993770974e-01
-2.242032131802760286e-01
4.746965575130170922e-01
-5.869031387302257041e-01
6.685657952257807457e-01
5.774217378116368593e-01
-5.955585711209662181e-01
-8.384441904360874220e-01
-2.754572243323892555e-02
-1.715964286747996836e-01
8.352851447672153817e-01
9.480628771411557520e-02
-1.206714988727581317e-01
-2.551374163222362990e-01
-1.533400622809761027e-01
-4.298439513829434983e-02
-9.152644931975626452e-01
-1.486112918814903594e-01
-8.608805985643609437e-01
-4.523059249224186673e-01
8.945981120498881500e-01
-6.490738388627026456e-01
4.716157942952926563e-01
1.144070102487260432e-01
5.165945464697521139e-01
1.559970013007284939e-02
1.813323739495003029e-01
4.420832819087517906e-01
9.878514184722564373e-01
5.662203060987007763e-01
-5.283281494704996639e-01
7.583718923501655551e-01
-5.193062437245590246e-01
-4.146888419915240598e-01
-6.117124551484941497e-01
-4.831302380011915504e-02
8.156769470420666135e-02
3.298205076912851808e-01
-7.955398919137971481e-01
-5.843081209823862698e-01
-3.385530528960121188e-01
7.712451807419618000e-01
-1.000000000000000000e+00
6.819902466533073193e-02
-2.219407085866022256e-01
6.652557504466075633e-01
4.017913222015185859e-01
7.191700086270467196e-01
5.061861500831039695e-01
-6.897846944126291291e-01
7.612830449777100439e-01
-7.531996292004147220e-01
1.000000000000000000e+00
-2.136281884288582233e-01
2.498138979570376506e-01
-7.803449226491053770e-01
4.349787589376589714e-01
-7.560228298331258534e-01
-8.363450919056710786e-01
-7.309727906634453376e-01
-4.342292359636913956e-01
-5.850714594629946586e-01
-1.000000000000000000e+00
2.687361192655097764e-01
-2.304898449771939084e-01
-3.340371444205984530e-01
9.655802988805525233e-01
7.197840156461913219e-01
3.125339069684219262e-01
-8.429341103830468862e-01
8.621559467473389748e-01
-1.481974300381783127e-01
-1.171086910535970582e-02
-5.516270610051114964e-01
-1.116974541473475524e-01
-5.902378839381562381e-01
4.319898859742958841e-01
4.385574357638755139e-01
-1.103725249984741086e-03
1.000000000000000000e+00
-7.902346956351983254e-01
-7.384865172288564983e-01
-1.143114623047332967e-01
-5.717044172594364371e-01
-3.043276217200096001e-01
8.833509552201515014e-01
-2.929701211824947693e-01
-4.337261171155019079e-01
9.730908278013353785e-01
3.622835810527116895e-01
2.913380687019818671e-01
9.298357765188824953e-01
-4.312914805250968042e-01
7.288791196651425164e-01
-6.307785596936285044e-01
-2.663802305368869749e-01
-4.183692629825153803e-02
8.905262737253145655e-01
8.610000009146079325e-01
-2.586020569472013975e-01
-3.230127475401545212e-02
-7.382491227264653677e-01
-1.610374451265186024e-01
1.249403743717397569e-01
9.317358547691424464e-01
-2.215052169044355868e-01
-9.054927871113328530e-01
-6.998384929103567131e-01
4.239990583680958713e-01
-4.131012859909116708e-01
-9.593397021510634559e-01
2.900833641386096895e-01
1.179227105546375443e-01
3.327675997284592624e-01
6.415901542795795498e-01
6.787440306791823197e-01
-9.336415910743953717e-01
-4.796881364517933677e-01
2.133455282424142063e-01
1.657457901264025868e-01
-6.462096673943641401e-01
-2.325158211583688850e-01
-9.343192716491521832e-01
-8.315631429280733178e-01
3.476029010292711052e-01
2.822371793406219798e-01
7.187468622578414568e-01
-1.000000000000000000e+00
8.407519338798388198e-01
-1.290685629730496942e-01
4.108269920730120983e-01
-4.349404377162976454e-01
-7.123989127577942115e-01
7.380972278929187613e-02
3.695670581481236838e-01
1.699385400903855869e-01
-8.878820934193764058e-01
3.623073044128198861e-01
2.514444826324790938e-03
-3.557345050837827372e-01
-1.000000000000000000e+00
1.374077348615785621e-01
-3.836107650393609236e-01
1.238521094587559934e-01
-5.435611017600011641e-01
2.583321689971862511e-01
2.198558146926651580e-01
4.599705040396198652e-01
2.992060350095813726e-01
5.698314152881940597e-02
5.179772613161884864e-01
8.650353239598499444e-01
-5.792723957429258830e-01
7.931681929748316540e-01
4.630409953683186086e-01
9.088929852962430722e-01
-1.177801801421715366e-01
8.596863536692547214e-01
-5.650628165029608629e-01
-3.511811499424660754e-01
-8.364777118752417806e-01
-6.585031588050651585e-01
4.799805045444596741e-01
1.000000000000000000e+00
-8.015626068819401429e-01
-8.045239135654049800e-01
-4.455674539948406010e-01
6.885194205565025038e-01
3.262861047610955689e-02
9.114675282473870821e-01
9.029370098717536264e-01
-6.142121841824293993e-02
4.959628512390135691e-01
6.864492506538252270e-01
-8.611216913090316005e-01
3.685316586019776741e-01
7.181629103176531692e-02
3.705241498840587955e-01
9.747872624160169863e-01
-3.778153135009941210e-01
-2.950549383106952361e-01
1.637308626806411871e-01
6.023359621856294588e-01
8.286435920825794277e-01
-3.040333372744156160e-01
1.900886088967898013e-01
-4.328522456105036720e-01
2.058446408844067932e-01
8.690056980510215690e-01
1.000000000000000000e+00
-6.205823957048085537e-01
3.047598824476301094e-02
2.502271250508126266e-01
-2.064382361575771985e-01
-2.601415139349607664e-01
