-8.088145131393732479e-01
8.318191613425574005e-01
9.754789897739303273e-01
2.262041356573179229e-01
1.919238932096028472e-01
8.265532082075154052e-02
5.817681291418145273e-01
2.152964453410251278e-02
7.465782268890104323e-01
5.921457853756180167e-01
-9.477071507737092615e-01
8.022293587622360000e-01
5.010398700111521331e-01
5.936019513694426042e-01
6.209839985533633505e-02
8.540674782716330959e-01
-1.642717967299255344e-01
6.698655960483933525e-01
-1.000000000000000000e+00
3.542846543890347810e-01
-7.143497930528212025e-01
3.231254900913631545e-01
6.667924880205111648e-02
3.797478977704707437e-01
-4.550441303157327644e-01
-5.784751777013866919e-02
-5.479885346167420179e-01
5.642868477993129295e-01
5.793280587207393362e-01
-9.833971223779688353e-01
-9.022879446749050292e-01
-2.708666037207704269e-01
-5.267279778307312199e-01
-8.546961005244513299e-01
3.764951787040847764e-01
-8.282537134364209574e-01
8.744710860380061623e-01
-3.781264297002483454e-01
5.251556114102348127e-01
-2.967268288971153800e-01
-8.133908814041184154e-01
6.848662591403644750e-01
-3.364050070327134212e-01
7.940672815502339832e-01
-7.355689624682729688e-01
-9.249359043859883833e-02
1.585218240580930638e-01
5.864019095865449227e-01
-4.285369743918807095e-01
-9.209477980343667713e-01
1.351200398325808627e-01
3.796029947840953711e-01
1.177463045828070903e-01
8.236833083512004050e-01
-6.408068196378396975e-02
7.446978822623835370e-01
9.572327089237102626e-01
2.874271542740582941e-01
3.145748413136559840e-01
-6.946605640483262123e-01
-6.974107122223733857e-01
-4.632192004555758524e-01
-5.841914749597452161e-01
8.079693185229895880e-01
-4.543031144561847090e-01
2.294051211213805341e-01
-1.493598951064956104e-01
9.208576237943698617e-01
3.481746551595938932e-01
-1.871734355644001646e-01
-6.238557561755309067e-01
7.728588202425612508e-02
6.808550849129841875e-01
-6.636780694410077119e-01
7.451193701153764337e-01
-1.346829597926243738e-01
-4.600745763698979585e-01
-8.368042023321312639e-01
7.366424447201675996e-01
4.746632247541128780e-01
-3.298366727993333747e-01
-3.011811717588908088e-01
5.202341656840888673e-01
1.186999990086506918e-01
-1.262675364527546251e-01
-5.465558956353924192e-01
7.842294309465676350e-02
-2.662744096097447999e-01
2.438735115608375303e-01
-2.626230359445110851e-01
4.021897636613860350e-01
2.551294414597993776e-01
7.590546881048499950e-01
-1.185868422549306578e-01
-9.094426931015209270e-01
-2.575077301852018996e-02
4.755994783409557836e-01
-6.955655279925349044e-01
-3.115421904195983527e-01
-7.359601385121306016e-01
7.140734970669044834e-01
2.355142196548363487e-01
-6.034632422540546492e-02
-7.432369795436060134e-01
-8.578437055472174499e-01
2.301869695514329461e-01
-4.967246705030619047e-01
-6.813626921298100436e-01
-3.943474853283718273e-01
-8.217778418805923302e-01
9.837395527280647922e-01
1.000000000000000000e+00
-2.988429094988935830e-01
-8.711573741450381325e-01
8.961229304480498037e-01
3.275732284935906069e-01
4.679792707756466053e-01
2.940860498179110882e-01
1.666755486095111427e-01
8.972347546692091003e-01
-6.274651681597523956e-01
-4.286043630185821240e-01
-6.201974530128370189e-01
-4.467447021098298193e-02
3.602033837503584301e-01
4.153220445830940744e-01
1.483296728889426652e-01
-6.180516557012196710e-01
1.305593152855220596e-01
-9.511880614859761218e-01
1.969134659738610571e-01
-1.499164417444319997e-01
-9.695863914704978548e-01
-8.175915259824401149e-01
-1.509443717069834934e-01
3.864933826075311885e-01
-1.718573399950543840e-02
-9.759287772414954043e-01
9.436900568734583050e-01
-9.301742771302907720e-01
-3.928956586694467568e-01
1.137255854055403415e-01
7.616825290601685339e-01
5.662565018975850295e-01
-8.702088794528972659e-01
-2.306211307323264292e-01
2.348694845184451374e-01
-9.373440238374665112e-01
-8.820220315113818099e-01
-5.599157169815286439e-01
-5.343103261818810817e-02
4.158444502458382153e-01
3.954531669966844243e-01
-5.493148392141377068e-01
5.877464379270767036e-01
6.035352462896120818e-01
-7.339144561144591572e-01
1.598661567289353380e-01
5.466152589058859146e-01
7.405269529581179899e-01
2.196589432021800459e-01
3.845968849748410689e-01
6.667863927381360023e-01
5.885677496639513118e-01
-6.599775642193383973e-01
4.624747219489911410e-01
-3.025706195953236644e-01
-2.711558214081143392e-01
4.950833705572368904e-01
9.429356553956904641e-01
-9.598987307067879948e-01
-5.292402382805635463e-01
8.440856893866803823e-01
2.895721854820624275e-01
-7.163845595436398872e-01
9.021421969059341128e-01
-8.324343599330481513e-01
4.880664546664520986e-01
6.370576612615707068e-01
2.023085126796010658e-01
-9.083282795978174784e-01
-3.914944574079967654e-01
-4.695552689549845060e-01
3.379233674329710224e-01
-4.608738021460695999e-01
-8.836800856744154720e-01
-3.949583686885936862e-01
4.105624749098671922e-01
2.005044118015216620e-02
3.393140799394133156e-01
-4.613656099280487033e-01
-5.719503382035496797e-01
2.903095631980427971e-01
-4.062898912008106600e-01
9.017487032783614298e-01
7.071724607706658672e-02
-9.808975772658845571e-01
1.831508171765863779e-01
1.157995784578177978e-02
-4.796988741784482535e-01
-3.252144024991193705e-01
7.013089697855695581e-01
-2.038513534035646391e-02
-7.858749020502490135e-01
6.612651204672315153e-01
-1.557748474827271579e-01
7.269357408335022086e-01
7.760396086689597128e-01
-2.942910675323610614e-01
-1.889128515024862398e-01
-9.565792916184060468e-01
4.548663209344435132e-01
6.641955877208673975e-01
9.348731350712681243e-01
-8.436605357202843214e-01
-4.076995666175365907e-01
4.742467501639726080e-01
-3.330009107588238204e-01
8.731378804616616307e-01
1.000000000000000000e+00
-3.738736283885253364e-01
-7.910422561008868536e-01
7.147172283239494606e-01
-9.956410873011520835e-01
8.973992622550808207e-01
-6.295471150697318219e-01
4.715257949610400234e-01
-2.294052430771795215e-01
5.926306298824508545e-01
9.927464125730174338e-01
9.126337513638500543e-01
8.540468797660405453e-02
-6.588033484492344938e-01
8.372481340934975202e-01
-1.000000000000000000e+00
-9.588442817668015872e-01
-8.166919087051465187e-01
-8.964723062072577076e-02
6.121533416210763745e-01
6.563868842510477419e-01
-1.881905831263912254e-02
5.828749476526801088e-01
2.903534528389521974e-01
-6.580773767452539058e-01
2.820849598940546321e-01
-8.077487699278397271e-01
-7.975998214587732837e-01
-4.005593365428062880e-01
-5.137623129682722389e-01
-5.280991952736817652e-01
7.700407918029775756e-01
4.233076230002063567e-01
9.479376341151140029e-01
-5.968637298661498836e-01
-2.332258904553136114e-01
-4.201228460576102441e-01
-2.656018917501865584e-01
9.360789303362728742e-01
9.439009419842150361e-01
6.025441893261220816e-01
-7.229231024521194648e-02
-7.975829193619972113e-01
-3.447020372946321132e-01
-1.528596486696124357e-01
4.530146976006754755e-01
